# a, density. dx=0.05, size=1037
0.000000000000000000e+00 0.000000000000000000e+00
5.000000000000000278e-02 0.000000000000000000e+00
1.000000000000000056e-01 0.000000000000000000e+00
1.500000000000000222e-01 0.000000000000000000e+00
2.000000000000000111e-01 0.000000000000000000e+00
2.500000000000000000e-01 0.000000000000000000e+00
3.000000000000000444e-01 0.000000000000000000e+00
3.500000000000000333e-01 0.000000000000000000e+00
4.000000000000000222e-01 0.000000000000000000e+00
4.500000000000000111e-01 0.000000000000000000e+00
5.000000000000000000e-01 0.000000000000000000e+00
5.500000000000000444e-01 0.000000000000000000e+00
6.000000000000000888e-01 0.000000000000000000e+00
6.500000000000000222e-01 0.000000000000000000e+00
7.000000000000000666e-01 0.000000000000000000e+00
7.500000000000000000e-01 0.000000000000000000e+00
8.000000000000000444e-01 0.000000000000000000e+00
8.500000000000000888e-01 0.000000000000000000e+00
9.000000000000000222e-01 0.000000000000000000e+00
9.500000000000000666e-01 0.000000000000000000e+00
1.000000000000000000e+00 0.000000000000000000e+00
1.050000000000000044e+00 0.000000000000000000e+00
1.100000000000000089e+00 0.000000000000000000e+00
1.150000000000000133e+00 0.000000000000000000e+00
1.200000000000000178e+00 0.000000000000000000e+00
1.250000000000000000e+00 0.000000000000000000e+00
1.300000000000000044e+00 0.000000000000000000e+00
1.350000000000000089e+00 0.000000000000000000e+00
1.400000000000000133e+00 0.000000000000000000e+00
1.450000000000000178e+00 0.000000000000000000e+00
1.500000000000000000e+00 0.000000000000000000e+00
1.550000000000000044e+00 0.000000000000000000e+00
1.600000000000000089e+00 0.000000000000000000e+00
1.650000000000000133e+00 0.000000000000000000e+00
1.700000000000000178e+00 0.000000000000000000e+00
1.750000000000000000e+00 0.000000000000000000e+00
1.800000000000000044e+00 0.000000000000000000e+00
1.850000000000000089e+00 0.000000000000000000e+00
1.900000000000000133e+00 0.000000000000000000e+00
1.950000000000000178e+00 0.000000000000000000e+00
2.000000000000000000e+00 0.000000000000000000e+00
2.050000000000000266e+00 0.000000000000000000e+00
2.100000000000000089e+00 0.000000000000000000e+00
2.149999999999999911e+00 0.000000000000000000e+00
2.200000000000000178e+00 0.000000000000000000e+00
2.250000000000000000e+00 1.173046696299034344e-03
2.300000000000000266e+00 1.173046696299034344e-03
2.350000000000000089e+00 1.173046696299034344e-03
2.400000000000000355e+00 1.173046696299034344e-03
2.450000000000000178e+00 1.173046696299034344e-03
2.500000000000000000e+00 1.173046696299034344e-03
2.550000000000000266e+00 1.173046696299034344e-03
2.600000000000000089e+00 1.930386016052487328e-03
2.650000000000000355e+00 4.933608353479745391e-03
2.700000000000000178e+00 1.005559448671214037e-02
2.750000000000000000e+00 1.750504432584387704e-02
2.800000000000000266e+00 2.719055587219170247e-02
2.850000000000000089e+00 3.879947165781165441e-02
2.900000000000000355e+00 5.189562969393878011e-02
2.950000000000000178e+00 6.600259366328035948e-02
3.000000000000000000e+00 8.066155107217706788e-02
3.050000000000000266e+00 9.546516768681657938e-02
3.100000000000000089e+00 1.100730924715123404e-01
3.150000000000000355e+00 1.242152246901213203e-01
3.200000000000000178e+00 1.376877289970157014e-01
3.250000000000000000e+00 1.503453501094182410e-01
3.300000000000000266e+00 1.620923314332861631e-01
3.350000000000000089e+00 1.728733114601732901e-01
3.400000000000000355e+00 1.826649372299720686e-01
3.450000000000000178e+00 1.914685296163542438e-01
3.500000000000000000e+00 1.993038930013076582e-01
3.550000000000000266e+00 2.062042273277736870e-01
3.600000000000000089e+00 2.122120337955535063e-01
3.650000000000000355e+00 2.173758795163613367e-01
3.700000000000000178e+00 2.217478836517188245e-01
3.750000000000000000e+00 2.253817968899708424e-01
3.800000000000000266e+00 2.283315609225787246e-01
3.850000000000000089e+00 2.306502510150012786e-01
3.900000000000000355e+00 2.323893207485487611e-01
3.950000000000000178e+00 2.335980825130991312e-01
4.000000000000000000e+00 2.343233699536829695e-01
4.049999999999999822e+00 2.346093392598068428e-01
4.100000000000000533e+00 2.344973750574098625e-01
4.150000000000000355e+00 2.340260739227187081e-01
4.200000000000000178e+00 2.332312844129686702e-01
4.250000000000000000e+00 2.321461872236459112e-01
4.299999999999999822e+00 2.308014028381980831e-01
4.350000000000000533e+00 2.292251170108109137e-01
4.400000000000000355e+00 2.274432167658513582e-01
4.450000000000000178e+00 2.254794314338084138e-01
4.500000000000000000e+00 2.233554746755757603e-01
4.549999999999999822e+00 2.210911845580434409e-01
4.600000000000000533e+00 2.187046596014309285e-01
4.650000000000000355e+00 2.162123893764641702e-01
4.700000000000000178e+00 2.136293787303564506e-01
4.750000000000000000e+00 2.109692650987556595e-01
4.800000000000000711e+00 2.082444286433978720e-01
4.850000000000000533e+00 2.054660951635319255e-01
4.900000000000000355e+00 2.026444318800740274e-01
4.950000000000000178e+00 1.997886362981309560e-01
5.000000000000000000e+00 1.969070184263700674e-01
5.050000000000000711e+00 1.940070766788196954e-01
5.100000000000000533e+00 1.910955678123752166e-01
5.150000000000000355e+00 1.881785712664964527e-01
5.200000000000000178e+00 1.852615482741165054e-01
5.250000000000000000e+00 1.823493961075964009e-01
5.300000000000000711e+00 1.794464978129193533e-01
5.350000000000000533e+00 1.765567677709591610e-01
5.400000000000000355e+00 1.736836934078973826e-01
5.450000000000000178e+00 1.708303733586992723e-01
5.500000000000000000e+00 1.679995523687306813e-01
5.550000000000000711e+00 1.651936531996497926e-01
5.600000000000000533e+00 1.624148057870437312e-01
5.650000000000000355e+00 1.596648738791655864e-01
5.700000000000000178e+00 1.569454793687653782e-01
5.750000000000000000e+00 1.542580245135133366e-01
5.800000000000000711e+00 1.516037122249550007e-01
5.850000000000000533e+00 1.489835645913620277e-01
5.900000000000000355e+00 1.463984397862307663e-01
5.950000000000000178e+00 1.438490475015476444e-01
6.000000000000000000e+00 1.413359630332272354e-01
6.050000000000000711e+00 1.388596401353208443e-01
6.100000000000000533e+00 1.364204227496279842e-01
6.150000000000000355e+00 1.340185557081814693e-01
6.200000000000000178e+00 1.316541944976638567e-01
6.250000000000000000e+00 1.293274141670987532e-01
6.300000000000000711e+00 1.270382174530950425e-01
6.350000000000000533e+00 1.247865421904600508e-01
6.400000000000000355e+00 1.225722680700828265e-01
6.450000000000000178e+00 1.203952228005945868e-01
6.500000000000000000e+00 1.182551877253775613e-01
6.550000000000000711e+00 1.161519029419953442e-01
6.600000000000000533e+00 1.140850719670097185e-01
6.650000000000000355e+00 1.120543659854033036e-01
6.700000000000000178e+00 1.100594277204101218e-01
6.750000000000000000e+00 1.080998749564407307e-01
6.800000000000000711e+00 1.061753037449472553e-01
6.850000000000000533e+00 1.042852913204835169e-01
6.900000000000000355e+00 1.024293987518527932e-01
6.950000000000000178e+00 1.006071733510838090e-01
7.000000000000000000e+00 9.881815086100873002e-02
7.050000000000000711e+00 9.706185744042955532e-02
7.100000000000000533e+00 9.533781146422212749e-02
7.150000000000000355e+00 9.364552515423940626e-02
7.200000000000000178e+00 9.198450605551534986e-02
7.250000000000000000e+00 9.035425837102946389e-02
7.300000000000000711e+00 8.875428416716082958e-02
7.350000000000000533e+00 8.718408446092661135e-02
7.400000000000000355e+00 8.564316019915547973e-02
7.450000000000000178e+00 8.413101313888596278e-02
7.500000000000000000e+00 8.264714663749161971e-02
7.550000000000000711e+00 8.119106636031558910e-02
7.600000000000000533e+00 7.976228091294054745e-02
7.650000000000000355e+00 7.836030240461816510e-02
7.700000000000000178e+00 7.698464694883434822e-02
7.750000000000000000e+00 7.563483510648233432e-02
7.800000000000000711e+00 7.431039227665846292e-02
7.850000000000000533e+00 7.301084903967249018e-02
7.900000000000000355e+00 7.173574145648178857e-02
7.950000000000000178e+00 7.048461132840549981e-02
8.000000000000000000e+00 6.925700642065218959e-02
8.050000000000000711e+00 6.805248065289994097e-02
8.099999999999999645e+00 6.687059425989663741e-02
8.150000000000000355e+00 6.571091392480078730e-02
8.200000000000001066e+00 6.457301288775642301e-02
8.250000000000000000e+00 6.345647103198670536e-02
8.300000000000000711e+00 6.236087494950048188e-02
8.349999999999999645e+00 6.128581798833188099e-02
8.400000000000000355e+00 6.023090028307075128e-02
8.450000000000001066e+00 5.919572877029656566e-02
8.500000000000000000e+00 5.817991719039204701e-02
8.550000000000000711e+00 5.718308607708926655e-02
8.599999999999999645e+00 5.620486273598796628e-02
8.650000000000000355e+00 5.524488121317990691e-02
8.700000000000001066e+00 5.430278225501933287e-02
8.750000000000000000e+00 5.337821325998984984e-02
8.800000000000000711e+00 5.247082822353801163e-02
8.849999999999999645e+00 5.158028767667077741e-02
8.900000000000000355e+00 5.070625861904331372e-02
8.950000000000001066e+00 4.984841444720432974e-02
9.000000000000000000e+00 4.900643487860583541e-02
9.050000000000000711e+00 4.818000587193314171e-02
9.099999999999999645e+00 4.736881954426216956e-02
9.150000000000000355e+00 4.657257408550572603e-02
9.200000000000001066e+00 4.579097367057115286e-02
9.250000000000000000e+00 4.502372836961227726e-02
9.300000000000000711e+00 4.427055405672553068e-02
9.349999999999999645e+00 4.353117231740787768e-02
9.400000000000000355e+00 4.280531035506496274e-02
9.450000000000001066e+00 4.209270089683131433e-02
9.500000000000000000e+00 4.139308209893984708e-02
9.550000000000000711e+00 4.070619745185517085e-02
9.600000000000001421e+00 4.003179568536537752e-02
9.650000000000000355e+00 3.936963067380615938e-02
9.700000000000001066e+00 3.871946134157584068e-02
9.750000000000000000e+00 3.808105156908227901e-02
9.800000000000000711e+00 3.745417009924872920e-02
9.850000000000001421e+00 3.683859044469210697e-02
9.900000000000000355e+00 3.623409079567439794e-02
9.950000000000001066e+00 3.564045392891726505e-02
1.000000000000000000e+01 3.505746711735946430e-02
1.005000000000000071e+01 3.448492204092622193e-02
1.010000000000000142e+01 3.392261469837273835e-02
1.015000000000000036e+01 3.337034532025436040e-02
1.020000000000000107e+01 3.282791828306966253e-02
1.025000000000000000e+01 3.229514202461644667e-02
1.030000000000000071e+01 3.177182896059282946e-02
1.035000000000000142e+01 3.125779540247233118e-02
1.040000000000000036e+01 3.075286147667521952e-02
1.045000000000000107e+01 3.025685104505424286e-02
1.050000000000000000e+01 2.976959162670937686e-02
1.055000000000000071e+01 2.929091432114102472e-02
1.060000000000000142e+01 2.882065373274913384e-02
1.065000000000000036e+01 2.835864789668167407e-02
1.070000000000000107e+01 2.790473820603319582e-02
1.075000000000000000e+01 2.745876934039235759e-02
1.080000000000000071e+01 2.702058919573380180e-02
1.085000000000000142e+01 2.659004881564876535e-02
1.090000000000000036e+01 2.616700232390644157e-02
1.095000000000000107e+01 2.575130685833659089e-02
1.100000000000000000e+01 2.534282250602240896e-02
1.105000000000000071e+01 2.494141223979123509e-02
1.110000000000000142e+01 2.454694185598959438e-02
1.115000000000000036e+01 2.415927991352840448e-02
1.120000000000000107e+01 2.377829767418222773e-02
1.125000000000000000e+01 2.340386904412724775e-02
1.130000000000000071e+01 2.303587051670025546e-02
1.135000000000000142e+01 2.267418111636175862e-02
1.140000000000000036e+01 2.231868234384494498e-02
1.145000000000000107e+01 2.196925812247216281e-02
1.150000000000000000e+01 2.162579474562049270e-02
1.155000000000000071e+01 2.128818082531688458e-02
1.160000000000000142e+01 2.095630724194415956e-02
1.165000000000000036e+01 2.063006709503825004e-02
1.170000000000000107e+01 2.030935565515719354e-02
1.175000000000000000e+01 1.999407031680270827e-02
1.180000000000000071e+01 1.968411055237428986e-02
1.185000000000000142e+01 1.937937786713674060e-02
1.190000000000000036e+01 1.907977575518147312e-02
1.195000000000000107e+01 1.878520965636211459e-02
1.200000000000000000e+01 1.849558691418556541e-02
1.205000000000000071e+01 1.821081673463882666e-02
1.210000000000000142e+01 1.793081014593299674e-02
1.215000000000000036e+01 1.765547995914554247e-02
1.220000000000000107e+01 1.738474072974222420e-02
1.225000000000000000e+01 1.711850871996038401e-02
1.230000000000000071e+01 1.685670186203526780e-02
1.235000000000000142e+01 1.659923972225163177e-02
1.240000000000000036e+01 1.634604346580283141e-02
1.245000000000000107e+01 1.609703582244003187e-02
1.250000000000000000e+01 1.585214105289441469e-02
1.255000000000000071e+01 1.561128491605539605e-02
1.260000000000000142e+01 1.537439463688827432e-02
1.265000000000000036e+01 1.514139887507507352e-02
1.270000000000000107e+01 1.491222769436224664e-02
1.275000000000000000e+01 1.468681253259992991e-02
1.280000000000000071e+01 1.446508617245676614e-02
1.285000000000000142e+01 1.424698271279534710e-02
1.290000000000000036e+01 1.403243754069348308e-02
1.295000000000000107e+01 1.382138730409626474e-02
1.300000000000000000e+01 1.361376988508511063e-02
1.305000000000000071e+01 1.340952437374926150e-02
1.310000000000000142e+01 1.320859104264621164e-02
1.315000000000000036e+01 1.301091132183757569e-02
1.320000000000000107e+01 1.281642777448699713e-02
1.325000000000000000e+01 1.262508407300746462e-02
1.330000000000000071e+01 1.243682497574501687e-02
1.335000000000000142e+01 1.225159630418674178e-02
1.340000000000000036e+01 1.206934492068078256e-02
1.345000000000000107e+01 1.189001870665643348e-02
1.350000000000000000e+01 1.171356654133301305e-02
1.355000000000000071e+01 1.153993828090572014e-02
1.360000000000000142e+01 1.136908473819781169e-02
1.365000000000000036e+01 1.120095766276796127e-02
1.370000000000000107e+01 1.103550972146225689e-02
1.375000000000000000e+01 1.087269447940060994e-02
1.380000000000000071e+01 1.071246638138728842e-02
1.385000000000000142e+01 1.055478073373569518e-02
1.390000000000000036e+01 1.039959368649781210e-02
1.395000000000000107e+01 1.024686221608870837e-02
1.400000000000000000e+01 1.009654410829714972e-02
1.405000000000000071e+01 9.948597941672935804e-03
1.410000000000000142e+01 9.802983071282439509e-03
1.415000000000000036e+01 9.659659612823671276e-03
1.420000000000000107e+01 9.518588427092352505e-03
1.425000000000000000e+01 9.379731104791044424e-03
1.430000000000000071e+01 9.243049951673076858e-03
1.435000000000000142e+01 9.108507974013586861e-03
1.440000000000000036e+01 8.976068864400027492e-03
1.445000000000000107e+01 8.845696987834644059e-03
1.450000000000000000e+01 8.717357368141762097e-03
1.455000000000000071e+01 8.591015674672599495e-03
1.460000000000000142e+01 8.466638209300844306e-03
1.465000000000000036e+01 8.344191893702153015e-03
1.470000000000000107e+01 8.223644256910937408e-03
1.475000000000000000e+01 8.104963423148110052e-03
1.480000000000000071e+01 7.988118099913359485e-03
1.485000000000000142e+01 7.873077566335897476e-03
1.490000000000000036e+01 7.759811661777679670e-03
1.495000000000000107e+01 7.648290774683189422e-03
1.500000000000000000e+01 7.231566544087819973e-03
1.505000000000000071e+01 7.097088086733325044e-03
1.510000000000000142e+01 6.965515698044877357e-03
1.515000000000000036e+01 6.836777873252744032e-03
1.520000000000000107e+01 6.710805079862148387e-03
1.525000000000000000e+01 6.587529697417301815e-03
1.530000000000000071e+01 6.466885959282206962e-03
1.535000000000000142e+01 6.348809896364941870e-03
1.540000000000000036e+01 6.233239282714801016e-03
1.545000000000000107e+01 6.120113582924519360e-03
1.550000000000000000e+01 6.009373901272539384e-03
1.555000000000000071e+01 5.900962932542604816e-03
1.560000000000000142e+01 5.794824914460660475e-03
1.565000000000000036e+01 5.690905581691111520e-03
1.570000000000000107e+01 5.589152121336911881e-03
1.575000000000000000e+01 5.489513129890048054e-03
1.580000000000000071e+01 5.391938571580929054e-03
1.585000000000000142e+01 5.296379738077363480e-03
1.590000000000000036e+01 5.202789209485464764e-03
1.595000000000000107e+01 5.111120816606815401e-03
1.600000000000000000e+01 5.021329604407876769e-03
1.605000000000000071e+01 4.933371796659272168e-03
1.610000000000000142e+01 4.847204761704243872e-03
1.615000000000000213e+01 4.762786979317037810e-03
1.619999999999999929e+01 4.680078008613508186e-03
1.625000000000000000e+01 4.599038456977560564e-03
1.630000000000000071e+01 4.519629949968562849e-03
1.635000000000000142e+01 4.441815102175917032e-03
1.640000000000000213e+01 4.365557488988475524e-03
1.644999999999999929e+01 4.290821619247517198e-03
1.650000000000000000e+01 4.217572908753218670e-03
1.655000000000000071e+01 4.145777654595693418e-03
1.660000000000000142e+01 4.075403010282615049e-03
1.665000000000000213e+01 4.006416961636600702e-03
1.669999999999999929e+01 3.938788303436421313e-03
1.675000000000000000e+01 3.872486616777061352e-03
1.680000000000000071e+01 3.807482247124624204e-03
1.685000000000000142e+01 3.743746283042806260e-03
1.690000000000000213e+01 3.681250535568656758e-03
1.694999999999999929e+01 3.619967518216042537e-03
1.700000000000000000e+01 3.559870427586028351e-03
1.705000000000000071e+01 3.500933124564183530e-03
1.710000000000000142e+01 3.443130116085432475e-03
1.715000000000000213e+01 3.386436537447861869e-03
1.719999999999999929e+01 3.330828135157490322e-03
1.725000000000000000e+01 3.276281250286653627e-03
1.730000000000000071e+01 3.222772802329332796e-03
1.735000000000000142e+01 3.170280273537204752e-03
1.740000000000000213e+01 3.118781693720909434e-03
1.744999999999999929e+01 3.068255625501478939e-03
1.750000000000000000e+01 3.018681149997424259e-03
1.755000000000000071e+01 2.970037852933509869e-03
1.760000000000000142e+01 2.922305811157663649e-03
1.765000000000000213e+01 2.875465579552996965e-03
1.769999999999999929e+01 2.829498178332360333e-03
1.775000000000000000e+01 2.784385080703223516e-03
1.780000000000000071e+01 2.740108200891207529e-03
1.785000000000000142e+01 2.696649882510858843e-03
1.790000000000000213e+01 2.653992887272755685e-03
1.794999999999999929e+01 2.612120384016356368e-03
1.800000000000000000e+01 2.571015938058349160e-03
1.805000000000000071e+01 2.530663500846682540e-03
1.810000000000000142e+01 2.491047399910662017e-03
1.815000000000000213e+01 2.452152329097957630e-03
1.819999999999999929e+01 2.413963339089581807e-03
1.825000000000000000e+01 2.376465828184225540e-03
1.830000000000000071e+01 2.339645533343669582e-03
1.835000000000000142e+01 2.303488521491166459e-03
1.840000000000000213e+01 2.267981181055067283e-03
1.844999999999999929e+01 2.233110213750156420e-03
1.850000000000000000e+01 2.198862626589411211e-03
1.855000000000000071e+01 2.165225724119203624e-03
1.860000000000000142e+01 2.132187100871079082e-03
1.865000000000000213e+01 2.099734634023605988e-03
1.869999999999999929e+01 2.067856476267887836e-03
1.875000000000000000e+01 2.036541048870611336e-03
1.880000000000000071e+01 2.005777034928689535e-03
1.885000000000000142e+01 1.975553372809713340e-03
1.890000000000000213e+01 1.945859249772668781e-03
1.894999999999999929e+01 1.916684095763524810e-03
1.900000000000000000e+01 1.888017577380459062e-03
1.905000000000000071e+01 1.859849592003719491e-03
1.910000000000000142e+01 1.832170262085173595e-03
1.915000000000000213e+01 1.804969929592877735e-03
1.920000000000000284e+01 1.778239150606048717e-03
1.925000000000000000e+01 1.751968690056029910e-03
1.930000000000000071e+01 1.726149516608942213e-03
1.935000000000000142e+01 1.700772797685899456e-03
1.940000000000000213e+01 1.675829894616722490e-03
1.945000000000000284e+01 1.651312357923288062e-03
1.950000000000000000e+01 1.627211922728739055e-03
1.955000000000000071e+01 1.603520504288875837e-03
1.960000000000000142e+01 1.580230193642232633e-03
1.965000000000000213e+01 1.557333253375369018e-03
1.970000000000000284e+01 1.534822113500081218e-03
1.975000000000000000e+01 1.512689367439306416e-03
1.980000000000000071e+01 1.490927768118594735e-03
1.985000000000000142e+01 1.469530224160157808e-03
1.990000000000000213e+01 1.448489796176518230e-03
1.995000000000000284e+01 1.427799693160968506e-03
2.000000000000000000e+01 1.407453268972061553e-03
2.005000000000000071e+01 1.387444018909467572e-03
2.010000000000000142e+01 1.367765576378645936e-03
2.015000000000000213e+01 1.348411709641769490e-03
2.020000000000000284e+01 1.329376318652529662e-03
2.025000000000000000e+01 1.310653431972430213e-03
2.030000000000000071e+01 1.292237203766300607e-03
2.035000000000000142e+01 1.274121910874820686e-03
2.040000000000000213e+01 1.256301949961890216e-03
2.045000000000000284e+01 1.238771834734778317e-03
2.050000000000000000e+01 1.221526193235027277e-03
2.055000000000000071e+01 1.204559765198142274e-03
2.060000000000000142e+01 1.187867399480187864e-03
2.065000000000000213e+01 1.171444051549420983e-03
2.070000000000000284e+01 1.155284781041187583e-03
2.075000000000000000e+01 1.139384749374347094e-03
2.080000000000000071e+01 1.123739217427528790e-03
2.085000000000000142e+01 1.108343543273603753e-03
2.090000000000000213e+01 1.093193179970761500e-03
2.095000000000000284e+01 1.078283673408676887e-03
2.100000000000000000e+01 1.063610660208258278e-03
2.105000000000000071e+01 1.049169865673519816e-03
2.110000000000000142e+01 1.034957101794196314e-03
2.115000000000000213e+01 1.020968265297703646e-03
2.120000000000000284e+01 1.007199335749132127e-03
2.125000000000000000e+01 9.936463736979889421e-04
2.130000000000000071e+01 9.803055188704200458e-04
2.135000000000000142e+01 9.671729884057220445e-04
2.140000000000000213e+01 9.542450751359387532e-04
2.145000000000000284e+01 9.415181459074145349e-04
2.150000000000000000e+01 9.289886399431792350e-04
2.155000000000000071e+01 9.166530672450908098e-04
2.160000000000000142e+01 9.045080070346864665e-04
2.165000000000000213e+01 8.925501062317157909e-04
2.170000000000000284e+01 8.807760779693659878e-04
2.175000000000000000e+01 8.691827001452205820e-04
2.180000000000000071e+01 8.577668140070110340e-04
2.185000000000000142e+01 8.465253227722602984e-04
2.190000000000000213e+01 8.354551902809190895e-04
2.195000000000000284e+01 8.245534396801529678e-04
2.200000000000000000e+01 8.138171521404369583e-04
2.205000000000000071e+01 8.032434656021424872e-04
2.210000000000000142e+01 7.928295735518455520e-04
2.215000000000000213e+01 7.825727238275682375e-04
2.220000000000000284e+01 7.724702174522193529e-04
2.225000000000000000e+01 7.625194074945164510e-04
2.230000000000000071e+01 7.527176979566661732e-04
2.235000000000000142e+01 7.430625426881418832e-04
2.240000000000000213e+01 7.335514443248690366e-04
2.245000000000000284e+01 7.241819532531940020e-04
2.250000000000000000e+01 7.149516665979859225e-04
2.255000000000000071e+01 7.058582272342711844e-04
2.260000000000000142e+01 6.968993228218083036e-04
2.265000000000000213e+01 6.880726848620100609e-04
2.270000000000000284e+01 6.793760877766616803e-04
2.275000000000000000e+01 6.708073480078860073e-04
2.280000000000000071e+01 6.623643231388114203e-04
2.285000000000000142e+01 6.540449110344413557e-04
2.290000000000000213e+01 6.458470490022058964e-04
2.295000000000000284e+01 6.377687129717101366e-04
2.300000000000000000e+01 6.298079166932038985e-04
2.305000000000000071e+01 6.219627109543011739e-04
2.310000000000000142e+01 6.142311828145078029e-04
2.315000000000000213e+01 6.066114548571026766e-04
2.320000000000000284e+01 5.991016844579564538e-04
2.325000000000000000e+01 5.917000630708648453e-04
2.330000000000000071e+01 5.844048155289885893e-04
2.335000000000000142e+01 5.772141993620129481e-04
2.340000000000000213e+01 5.701265041286314277e-04
2.345000000000000284e+01 5.631400507639873661e-04
2.350000000000000000e+01 5.562531909417056317e-04
2.355000000000000071e+01 5.494643064501565340e-04
2.360000000000000142e+01 5.427718085826164964e-04
2.365000000000000213e+01 5.361741375409718232e-04
2.370000000000000284e+01 5.296697618526547205e-04
2.375000000000000000e+01 5.232571778004840336e-04
2.380000000000000071e+01 5.169349088650967159e-04
2.385000000000000142e+01 5.107015051796762097e-04
2.390000000000000213e+01 5.045555429966766580e-04
2.395000000000000284e+01 4.984956241662550887e-04
2.400000000000000000e+01 4.925203756261346691e-04
2.405000000000000071e+01 4.866284489026241828e-04
2.410000000000000142e+01 4.808185196225344435e-04
2.415000000000000213e+01 4.750892870357182099e-04
2.420000000000000284e+01 4.694394735480004435e-04
2.425000000000000000e+01 4.638678242642362611e-04
2.430000000000000071e+01 4.583731065412693885e-04
2.435000000000000142e+01 4.529541095505500419e-04
2.440000000000000213e+01 4.476096438501921994e-04
2.445000000000000284e+01 4.423385409662388378e-04
2.450000000000000000e+01 4.371396529829284336e-04
2.455000000000000071e+01 4.320118521417473504e-04
2.460000000000000142e+01 4.269540304490671012e-04
2.465000000000000213e+01 4.219650992921588619e-04
2.470000000000000284e+01 4.170439890633993491e-04
2.475000000000000000e+01 4.121896487924730677e-04
2.480000000000000071e+01 4.074010457863832548e-04
2.485000000000000142e+01 4.026771652771002135e-04
2.490000000000000213e+01 3.980170100766600681e-04
2.495000000000000284e+01 3.934196002395476768e-04
2.500000000000000000e+01 3.888839727321988498e-04
2.505000000000000071e+01 3.844091811094494846e-04
2.510000000000000142e+01 3.799942951977865516e-04
2.515000000000000213e+01 3.756384007852300064e-04
2.520000000000000284e+01 3.713405993177050068e-04
2.525000000000000000e+01 3.671000076017530813e-04
2.530000000000000071e+01 3.629157575134376148e-04
2.535000000000000142e+01 3.587869957133060675e-04
2.540000000000000213e+01 3.547128833672666794e-04
2.545000000000000284e+01 3.506925958732513447e-04
2.550000000000000000e+01 3.467253225935303237e-04
2.555000000000000071e+01 3.428102665925536756e-04
2.560000000000000142e+01 3.389466443801957040e-04
2.565000000000000213e+01 3.351336856602780035e-04
2.570000000000000284e+01 3.313706330842550434e-04
2.575000000000000000e+01 3.276567420099505074e-04
2.580000000000000071e+01 3.239912802652216025e-04
2.585000000000000142e+01 3.203735279164554952e-04
2.590000000000000213e+01 3.168027770417762806e-04
2.595000000000000284e+01 3.132783315088715197e-04
2.600000000000000000e+01 3.097995067573231496e-04
2.605000000000000071e+01 3.063656295853521799e-04
2.610000000000000142e+01 3.029760379408787856e-04
2.615000000000000213e+01 2.996300807167984821e-04
2.620000000000000284e+01 2.963271175503842864e-04
2.625000000000000000e+01 2.930665186267267176e-04
2.630000000000000071e+01 2.898476644861169870e-04
2.635000000000000142e+01 2.866699458352960192e-04
2.640000000000000213e+01 2.835327633624745453e-04
2.645000000000000284e+01 2.804355275560524940e-04
2.650000000000000000e+01 2.773776585269481249e-04
2.655000000000000071e+01 2.743585858344645893e-04
2.660000000000000142e+01 2.713777483156169378e-04
2.665000000000000213e+01 2.684345939178404299e-04
2.670000000000000284e+01 2.655285795350111359e-04
2.675000000000000000e+01 2.626591708467071636e-04
2.680000000000000071e+01 2.598258421606377622e-04
2.685000000000000142e+01 2.570280762581767138e-04
2.690000000000000213e+01 2.542653642429306771e-04
2.695000000000000284e+01 2.515372053922759689e-04
2.700000000000000000e+01 2.488431070118069703e-04
2.705000000000000071e+01 2.461825842926232454e-04
2.710000000000000142e+01 2.435551601714085613e-04
2.715000000000000213e+01 2.409603651932289798e-04
2.720000000000000284e+01 2.383977373770036420e-04
2.725000000000000000e+01 2.358668220835826801e-04
2.730000000000000071e+01 2.333671718863837650e-04
2.735000000000000142e+01 2.308983464445297997e-04
2.740000000000000213e+01 2.284599123784366659e-04
2.745000000000000284e+01 2.260514431477971659e-04
2.750000000000000000e+01 2.236725189319154871e-04
2.755000000000000071e+01 2.213227265123362999e-04
2.760000000000000142e+01 2.190016591577288599e-04
2.765000000000000213e+01 2.167089165109697914e-04
2.770000000000000284e+01 2.144441044783869019e-04
2.775000000000000000e+01 2.122068351211136141e-04
2.780000000000000071e+01 2.099967265485126505e-04
2.785000000000000142e+01 2.078134028136262019e-04
2.790000000000000213e+01 2.056564938106093983e-04
2.795000000000000284e+01 2.035256351741063458e-04
2.800000000000000000e+01 2.014204681805295072e-04
2.805000000000000071e+01 1.993406396512030433e-04
2.810000000000000142e+01 1.972858018573316248e-04
2.815000000000000213e+01 1.952556124267555216e-04
2.820000000000000284e+01 1.932497342524593358e-04
2.825000000000000000e+01 1.912678354027945590e-04
2.830000000000000071e+01 1.893095890333833481e-04
2.835000000000000142e+01 1.873746733006677139e-04
2.840000000000000213e+01 1.854627712770736282e-04
2.845000000000000284e+01 1.835735708677518050e-04
2.850000000000000000e+01 1.817067647288687015e-04
2.855000000000000071e+01 1.798620501874136936e-04
2.860000000000000142e+01 1.780391291624922598e-04
2.865000000000000213e+01 1.762377080880742455e-04
2.870000000000000284e+01 1.744574978371701292e-04
2.875000000000000000e+01 1.726982136474043120e-04
2.880000000000000071e+01 1.709595750479579691e-04
2.885000000000000142e+01 1.692413057878562599e-04
2.890000000000000213e+01 1.675431337655688307e-04
2.895000000000000284e+01 1.658647909599010606e-04
2.900000000000000000e+01 1.642060133621477255e-04
2.905000000000000071e+01 1.625665409094871248e-04
2.910000000000000142e+01 1.609461174195860988e-04
2.915000000000000213e+01 1.593444905263984284e-04
2.920000000000000284e+01 1.577614116171257696e-04
2.925000000000000000e+01 1.561966357703241837e-04
2.930000000000000071e+01 1.546499216951297809e-04
2.935000000000000142e+01 1.531210316715843952e-04
2.940000000000000213e+01 1.516097314920361106e-04
2.945000000000000284e+01 1.501157904035976701e-04
2.950000000000000000e+01 1.486389810516372892e-04
2.955000000000000071e+01 1.471790794242865325e-04
2.960000000000000142e+01 1.457358647979415636e-04
2.965000000000000213e+01 1.443091196837410707e-04
2.970000000000000284e+01 1.428986297749991854e-04
2.975000000000000000e+01 1.415041838955772386e-04
2.980000000000000071e+01 1.401255739491748394e-04
2.985000000000000142e+01 1.387625948695228194e-04
2.990000000000000213e+01 1.374150445714598023e-04
2.995000000000000284e+01 1.360827239028781686e-04
3.000000000000000000e+01 1.347654365975169165e-04
3.005000000000000071e+01 1.334629892285912845e-04
3.010000000000000142e+01 1.321751911632408638e-04
3.015000000000000213e+01 1.309018545177775003e-04
3.020000000000000284e+01 1.296427941137219000e-04
3.025000000000000000e+01 1.283978274346121576e-04
3.030000000000000071e+01 1.271667745835683015e-04
3.035000000000000142e+01 1.259494582416009517e-04
3.040000000000000213e+01 1.247457036266472891e-04
3.045000000000000284e+01 1.235553384533220553e-04
3.050000000000000000e+01 1.223781928933697337e-04
3.055000000000000071e+01 1.212140995368044395e-04
3.060000000000000142e+01 1.200628933537249970e-04
3.065000000000000213e+01 1.189244116567907562e-04
3.070000000000000284e+01 1.177984940643484737e-04
3.075000000000000000e+01 1.166849824641955113e-04
3.080000000000000071e+01 1.155837209779678599e-04
3.085000000000000142e+01 1.144945559261437206e-04
3.090000000000000213e+01 1.134173357936460512e-04
3.095000000000000284e+01 1.123519111960386479e-04
3.100000000000000000e+01 1.112981348463006471e-04
3.105000000000000071e+01 1.102558615221690822e-04
3.110000000000000142e+01 1.092249480340417016e-04
3.115000000000000213e+01 1.082052531934256422e-04
3.120000000000000284e+01 1.071966377819256826e-04
3.125000000000000000e+01 1.061989645207579827e-04
3.130000000000000071e+01 1.052120980407836027e-04
3.135000000000000142e+01 1.042359048530502966e-04
3.140000000000000213e+01 1.032702533198315612e-04
3.145000000000000284e+01 1.023150136261569642e-04
3.150000000000000000e+01 1.013700577518233161e-04
3.155000000000000071e+01 1.004352594438762776e-04
3.160000000000000142e+01 9.951049418955700758e-05
3.165000000000000213e+01 9.859563918970204953e-05
3.170000000000000284e+01 9.769057333259062643e-05
3.175000000000000000e+01 9.679517716822946599e-05
3.180000000000000071e+01 9.590933288306846061e-05
3.185000000000000142e+01 9.503292427513851566e-05
3.190000000000000213e+01 9.416583672960387465e-05
3.195000000000000284e+01 9.330795719472237556e-05
3.200000000000000000e+01 9.245917415820436821e-05
3.205000000000000426e+01 9.161937762396526487e-05
3.210000000000000142e+01 9.078845908926363312e-05
3.214999999999999858e+01 8.996631152221623866e-05
3.220000000000000284e+01 8.915282933968641968e-05
3.225000000000000000e+01 8.834790838553776952e-05
3.230000000000000426e+01 8.755144590924361387e-05
3.235000000000000142e+01 8.676334054485199782e-05
3.239999999999999858e+01 8.598349229029340283e-05
3.245000000000000284e+01 8.521180248703021771e-05
3.250000000000000000e+01 8.444817380003778577e-05
3.255000000000000426e+01 8.369251019811434471e-05
3.260000000000000142e+01 8.294471693451206651e-05
3.264999999999999858e+01 8.220470052788358658e-05
3.270000000000000284e+01 8.147236874353988871e-05
3.275000000000000000e+01 8.074763057501233585e-05
3.280000000000000426e+01 8.003039622591385930e-05
3.285000000000000142e+01 7.932057709209521358e-05
3.289999999999999858e+01 7.861808574408899212e-05
3.295000000000000284e+01 7.792283590983857121e-05
3.300000000000000000e+01 7.723474245770524675e-05
3.305000000000000426e+01 7.655372137974926754e-05
3.310000000000000142e+01 7.587968977528076716e-05
3.314999999999999858e+01 7.521256583467383168e-05
3.320000000000000284e+01 7.455226882344119608e-05
3.325000000000000000e+01 7.389871906656482589e-05
3.330000000000000426e+01 7.325183793307514708e-05
3.335000000000000142e+01 7.261154782087957463e-05
3.339999999999999858e+01 7.197777214183032459e-05
3.345000000000000284e+01 7.135043530703194319e-05
3.350000000000000000e+01 7.072946271238250867e-05
3.355000000000000426e+01 7.011478072434364033e-05
3.360000000000000142e+01 6.950631666593710598e-05
3.364999999999999858e+01 6.890399880296294531e-05
3.370000000000000284e+01 6.830775633043573484e-05
3.375000000000000000e+01 6.771751935923511821e-05
3.380000000000000426e+01 6.713321890296667185e-05
3.385000000000000142e+01 6.655478686503065269e-05
3.389999999999999858e+01 6.598215602589250247e-05
3.395000000000000284e+01 6.541526003055483744e-05
3.400000000000000000e+01 6.485403337622582768e-05
3.405000000000000426e+01 6.429841140017911432e-05
3.410000000000000142e+01 6.374833026780636245e-05
3.414999999999999858e+01 6.320372696085324734e-05
3.420000000000000284e+01 6.266453926584158475e-05
3.425000000000000000e+01 6.213070576267055783e-05
3.430000000000000426e+01 6.160216581339499422e-05
3.435000000000000142e+01 6.107885955117902646e-05
3.439999999999999858e+01 6.056072786941958582e-05
3.445000000000000284e+01 6.004771241103949931e-05
3.450000000000000000e+01 5.953975555794641534e-05
3.455000000000000426e+01 5.903680042065268603e-05
3.460000000000000142e+01 5.853879082805771040e-05
3.464999999999999858e+01 5.804567131738584023e-05
3.470000000000000284e+01 5.755738712428003841e-05
3.475000000000000000e+01 5.707388417304725775e-05
3.480000000000000426e+01 5.659510906705331776e-05
3.485000000000000142e+01 5.612100907926551751e-05
3.489999999999999858e+01 5.565153214293908827e-05
3.495000000000000284e+01 5.518662684244636778e-05
3.500000000000000000e+01 5.472624240424591114e-05
3.505000000000000426e+01 5.427032868798852965e-05
3.510000000000000142e+01 5.381883617775995953e-05
3.514999999999999858e+01 5.337171597345444793e-05
3.520000000000000284e+01 5.292891978228137065e-05
3.525000000000000000e+01 5.249039991039920966e-05
3.530000000000000426e+01 5.205610925467609774e-05
3.535000000000000142e+01 5.162600129457561550e-05
3.539999999999999858e+01 5.120003008416418853e-05
3.545000000000000284e+01 5.077815024423908163e-05
3.550000000000000000e+01 5.036031695457544529e-05
3.555000000000000426e+01 4.994648594628874159e-05
3.560000000000000142e+01 4.953661349431294248e-05
3.564999999999999858e+01 4.913065640999017065e-05
3.570000000000000284e+01 4.872857203377232478e-05
3.575000000000000000e+01 4.833031822803147070e-05
3.580000000000000426e+01 4.793585336997670791e-05
3.585000000000000142e+01 4.754513634467806722e-05
3.589999999999999858e+01 4.715812653819266223e-05
3.595000000000000284e+01 4.677478383079408387e-05
3.600000000000000000e+01 4.639506859030219897e-05
3.605000000000000426e+01 4.601894166551085216e-05
3.610000000000000142e+01 4.564636437971438611e-05
3.614999999999999858e+01 4.527729852432817561e-05
3.620000000000000284e+01 4.491170635260494413e-05
3.625000000000000000e+01 4.454955057344245833e-05
3.630000000000000426e+01 4.419079434528291894e-05
3.635000000000000142e+01 4.383540127010240140e-05
3.639999999999999858e+01 4.348333538748777133e-05
3.645000000000000284e+01 4.313456116880093918e-05
3.650000000000000000e+01 4.278904351142877376e-05
3.655000000000000426e+01 4.244674773311641784e-05
3.660000000000000142e+01 4.210763956638419593e-05
3.664999999999999858e+01 4.177168515302527466e-05
3.670000000000000284e+01 4.143885103868379810e-05
3.675000000000000000e+01 4.110910416751209533e-05
3.680000000000000426e+01 4.078241187690500864e-05
3.685000000000000142e+01 4.045874189231115264e-05
3.689999999999999858e+01 4.013806232211890882e-05
3.695000000000000284e+01 3.982034165261657269e-05
3.700000000000000000e+01 3.950554874302592185e-05
3.705000000000000426e+01 3.919365282060628420e-05
3.710000000000000142e+01 3.888462347583034647e-05
3.714999999999999858e+01 3.857843065762861994e-05
3.720000000000000284e+01 3.827504466870263090e-05
3.725000000000000000e+01 3.797443616090581285e-05
3.730000000000000426e+01 3.767657613068936946e-05
3.735000000000000142e+01 3.738143591461499222e-05
3.739999999999999858e+01 3.708898718493031262e-05
3.745000000000000284e+01 3.679920194520851213e-05
3.750000000000000000e+01 3.651205252604994164e-05
3.755000000000000426e+01 3.622751158084449024e-05
3.760000000000000142e+01 3.594555208159496730e-05
3.764999999999999858e+01 3.566614731479925528e-05
3.770000000000000284e+01 3.538927087739124648e-05
3.775000000000000000e+01 3.511489667273937131e-05
3.780000000000000426e+01 3.484299890670132890e-05
3.785000000000000142e+01 3.457355208373502680e-05
3.789999999999999858e+01 3.430653100306433386e-05
3.795000000000000284e+01 3.404191075489883999e-05
3.800000000000000000e+01 3.377966671670687047e-05
3.805000000000000426e+01 3.351977454954098255e-05
3.810000000000000142e+01 3.326221019441486670e-05
3.814999999999999858e+01 3.300694986873156450e-05
3.820000000000000284e+01 3.275397006276115330e-05
3.825000000000000000e+01 3.250324753616809411e-05
3.830000000000000426e+01 3.225475931458700264e-05
3.835000000000000142e+01 3.200848268624640307e-05
3.840000000000000568e+01 3.176439519863910252e-05
3.845000000000000284e+01 3.152247465523943696e-05
3.850000000000000000e+01 3.128269911226588416e-05
3.855000000000000426e+01 3.104504687548862362e-05
3.860000000000000142e+01 3.080949649708162333e-05
3.865000000000000568e+01 3.057602677251803361e-05
3.870000000000000284e+01 3.034461673750882033e-05
3.875000000000000000e+01 3.011524566498346173e-05
3.880000000000000426e+01 2.988789306211240402e-05
3.885000000000000142e+01 2.966253866737082843e-05
3.890000000000000568e+01 2.943916244764211362e-05
3.895000000000000284e+01 2.921774459536222675e-05
3.900000000000000000e+01 2.899826552570227843e-05
3.905000000000000426e+01 2.878070587379028854e-05
3.910000000000000142e+01 2.856504649197100752e-05
3.915000000000000568e+01 2.835126844710287843e-05
3.920000000000000284e+01 2.813935301789246147e-05
3.925000000000000000e+01 2.792928169226466779e-05
3.930000000000000426e+01 2.772103616476932414e-05
3.935000000000000142e+01 2.751459833402287926e-05
3.940000000000000568e+01 2.730995030018462181e-05
3.945000000000000284e+01 2.710707436246770450e-05
3.950000000000000000e+01 2.690595301668339233e-05
3.955000000000000426e+01 2.670656895281908367e-05
3.960000000000000142e+01 2.650890505264879643e-05
3.965000000000000568e+01 2.631294438737578729e-05
3.970000000000000284e+01 2.611867021530761904e-05
3.975000000000000000e+01 2.592606597956177532e-05
3.980000000000000426e+01 2.573511530580279181e-05
3.985000000000000142e+01 2.554580200000954173e-05
3.990000000000000568e+01 2.535811004627259443e-05
3.995000000000000284e+01 2.517202360462112524e-05
4.000000000000000000e+01 2.498752700887871598e-05
4.005000000000000426e+01 2.480460476454830008e-05
4.010000000000000142e+01 2.462324154672511752e-05
4.015000000000000568e+01 2.444342219803732015e-05
4.020000000000000284e+01 2.426513172661455976e-05
4.025000000000000000e+01 2.408835530408321010e-05
4.030000000000000426e+01 2.391307826358828072e-05
4.035000000000000142e+01 2.373928609784208346e-05
4.040000000000000568e+01 2.356696445719801849e-05
4.045000000000000284e+01 2.339609914775060831e-05
4.050000000000000000e+01 2.322667612946025485e-05
4.055000000000000426e+01 2.305868151430309258e-05
4.060000000000000142e+01 2.289210156444486670e-05
4.065000000000000568e+01 2.272692269043936189e-05
4.070000000000000284e+01 2.256313144945032090e-05
4.075000000000000000e+01 2.240071454349678527e-05
4.080000000000000426e+01 2.223965881772139072e-05
4.085000000000000142e+01 2.207995125868175939e-05
4.090000000000000568e+01 2.192157899266398947e-05
4.095000000000000284e+01 2.176452928401817783e-05
4.100000000000000000e+01 2.160878953351603337e-05
4.105000000000000426e+01 2.145434727672958475e-05
4.110000000000000142e+01 2.130119018243144008e-05
4.115000000000000568e+01 2.114930605101557538e-05
4.120000000000000284e+01 2.099868281293878369e-05
4.125000000000000000e+01 2.084930852718245653e-05
4.130000000000000426e+01 2.070117137973428073e-05
4.135000000000000142e+01 2.055425968208976934e-05
4.140000000000000568e+01 2.040856186977289829e-05
4.145000000000000284e+01 2.026406650087634337e-05
4.150000000000000000e+01 2.012076225462004018e-05
4.155000000000000426e+01 1.997863792992895826e-05
4.160000000000000142e+01 1.983768244402880513e-05
4.165000000000000568e+01 1.969788483105986367e-05
4.170000000000000284e+01 1.955923424070889837e-05
4.175000000000000000e+01 1.942171993685840544e-05
4.180000000000000426e+01 1.928533129625322373e-05
4.185000000000000142e+01 1.915005780718459112e-05
4.190000000000000568e+01 1.901588906819039613e-05
4.195000000000000284e+01 1.888281478677280738e-05
4.200000000000000000e+01 1.875082477813171193e-05
4.205000000000000426e+01 1.861990896391456924e-05
4.210000000000000142e+01 1.849005737098225366e-05
4.215000000000000568e+01 1.836126013019047894e-05
4.220000000000000284e+01 1.823350747518679460e-05
4.225000000000000000e+01 1.810678974122283230e-05
4.230000000000000426e+01 1.798109736398166667e-05
4.235000000000000142e+01 1.785642087842004996e-05
4.240000000000000568e+01 1.773275091762512430e-05
4.245000000000000284e+01 1.761007821168608230e-05
4.250000000000000000e+01 1.748839358657935990e-05
4.255000000000000426e+01 1.736768796306852351e-05
4.260000000000000142e+01 1.724795235561772666e-05
4.265000000000000568e+01 1.712917787131893599e-05
4.270000000000000284e+01 1.701135570883249970e-05
4.275000000000000000e+01 1.689447715734128887e-05
4.280000000000000426e+01 1.677853359551780856e-05
4.285000000000000142e+01 1.666351649050401096e-05
4.290000000000000568e+01 1.654941739690451207e-05
4.295000000000000284e+01 1.643622795579175149e-05
4.300000000000000000e+01 1.632393989372382044e-05
4.305000000000000426e+01 1.621254502177478860e-05
4.310000000000000142e+01 1.610203523457670648e-05
4.315000000000000568e+01 1.599240250937372033e-05
4.320000000000000284e+01 1.588363890508801164e-05
4.325000000000000000e+01 1.577573656139723935e-05
4.330000000000000426e+01 1.566868769782347797e-05
4.335000000000000142e+01 1.556248461283338402e-05
4.340000000000000568e+01 1.545711968294952290e-05
4.345000000000000284e+01 1.535258536187292412e-05
4.350000000000000000e+01 1.524887417961589741e-05
4.355000000000000426e+01 1.514597874164612286e-05
4.360000000000000142e+01 1.504389172804110538e-05
4.365000000000000568e+01 1.494260589265275458e-05
4.370000000000000284e+01 1.484211406228290491e-05
4.375000000000000000e+01 1.474240913586803288e-05
4.380000000000000426e+01 1.464348408367483330e-05
4.385000000000000142e+01 1.454533194650525171e-05
4.390000000000000568e+01 1.444794583491114764e-05
4.395000000000000284e+01 1.435131892841887492e-05
4.400000000000000000e+01 1.425544447476309801e-05
4.405000000000000426e+01 1.416031578912998162e-05
4.410000000000000142e+01 1.406592625340979086e-05
4.415000000000000568e+01 1.397226931545820735e-05
4.420000000000000284e+01 1.387933848836719651e-05
4.425000000000000000e+01 1.378712734974414014e-05
4.430000000000000426e+01 1.369562954099999504e-05
4.435000000000000142e+01 1.360483876664627256e-05
4.440000000000000568e+01 1.351474879360007693e-05
4.445000000000000284e+01 1.342535345049788146e-05
4.450000000000000000e+01 1.333664662701762101e-05
4.455000000000000426e+01 1.324862227320861097e-05
4.460000000000000142e+01 1.316127439883000099e-05
4.465000000000000568e+01 1.307459707269677407e-05
4.470000000000000284e+01 1.298858442203407027e-05
4.475000000000000000e+01 1.290323063183868144e-05
4.480000000000000426e+01 1.281852994424882816e-05
4.485000000000000142e+01 1.273447665792107224e-05
4.490000000000000568e+01 1.265106512741468119e-05
4.495000000000000284e+01 1.256828976258386864e-05
4.500000000000000000e+01 1.248614502797647879e-05
4.505000000000000426e+01 1.240462544224058739e-05
4.510000000000000142e+01 1.232372557753781445e-05
4.515000000000000568e+01 1.224344005896363190e-05
4.520000000000000284e+01 1.216376356397469984e-05
4.525000000000000000e+01 1.208469082182290283e-05
4.530000000000000426e+01 1.200621661299616076e-05
4.535000000000000142e+01 1.192833576866580256e-05
4.540000000000000568e+01 1.185104317014056535e-05
4.545000000000000284e+01 1.177433374832711575e-05
4.550000000000000000e+01 1.169820248319670040e-05
4.555000000000000426e+01 1.162264440325830665e-05
4.560000000000000142e+01 1.154765458503811849e-05
4.565000000000000568e+01 1.147322815256472720e-05
4.570000000000000284e+01 1.139936027686084718e-05
4.575000000000000000e+01 1.132604617544069172e-05
4.580000000000000426e+01 1.125328111181346428e-05
4.585000000000000142e+01 1.118106039499248596e-05
4.590000000000000568e+01 1.110937937901024713e-05
4.595000000000000284e+01 1.103823346243897153e-05
4.600000000000000000e+01 1.096761808791696388e-05
4.605000000000000426e+01 1.089752874168036167e-05
4.610000000000000142e+01 1.082796095310039590e-05
4.615000000000000568e+01 1.075891029422602216e-05
4.620000000000000284e+01 1.069037237933200476e-05
4.625000000000000000e+01 1.062234286447198326e-05
4.630000000000000426e+01 1.055481744703707168e-05
4.635000000000000142e+01 1.048779186531929946e-05
4.640000000000000568e+01 1.042126189808028700e-05
4.645000000000000284e+01 1.035522336412488487e-05
4.650000000000000000e+01 1.028967212187965464e-05
4.655000000000000426e+01 1.022460406897634549e-05
4.660000000000000142e+01 1.016001514184015493e-05
4.665000000000000568e+01 1.009590131528262099e-05
4.670000000000000284e+01 1.003225860209942222e-05
4.675000000000000000e+01 9.969083052672555082e-06
4.680000000000000426e+01 9.906370754577351349e-06
4.685000000000000142e+01 9.844117832193793308e-06
4.690000000000000568e+01 9.782320446322365678e-06
4.695000000000000284e+01 9.720974793804401900e-06
4.700000000000000000e+01 9.660077107146580874e-06
4.705000000000000426e+01 9.599623654149968879e-06
4.710000000000000142e+01 9.539610737543037470e-06
4.715000000000000568e+01 9.480034694619107963e-06
4.720000000000000284e+01 9.420891896877771896e-06
4.725000000000000000e+01 9.362178749670455174e-06
4.730000000000000426e+01 9.303891691850036115e-06
4.735000000000000142e+01 9.246027195424403892e-06
4.740000000000000568e+01 9.188581765213950595e-06
4.745000000000000284e+01 9.131551938513046045e-06
4.750000000000000000e+01 9.074934284755203977e-06
4.755000000000000426e+01 9.018725405182132711e-06
4.760000000000000142e+01 8.962921932516526328e-06
4.765000000000000568e+01 8.907520530638530270e-06
4.770000000000000284e+01 8.852517894265832243e-06
4.775000000000000000e+01 8.797910748637449572e-06
4.780000000000000426e+01 8.743695849200945340e-06
4.785000000000000142e+01 8.689869981303363012e-06
4.790000000000000568e+01 8.636429959885388248e-06
4.795000000000000284e+01 8.583372629179151258e-06
4.800000000000000000e+01 8.530694862409341072e-06
4.805000000000000426e+01 8.478393561497607974e-06
4.810000000000000142e+01 8.426465656770418453e-06
4.815000000000000568e+01 8.374908106670018765e-06
4.820000000000000284e+01 8.323717897468827276e-06
4.825000000000000000e+01 8.272892042986774492e-06
4.830000000000000426e+01 8.222427584311941423e-06
4.835000000000000142e+01 8.172321589524370939e-06
4.840000000000000568e+01 8.122571153422770900e-06
4.845000000000000284e+01 8.073173397254410590e-06
4.850000000000000000e+01 8.024125468447927564e-06
4.855000000000000426e+01 7.975424540349151627e-06
4.860000000000000142e+01 7.927067811959823964e-06
4.865000000000000568e+01 7.879052507679263953e-06
4.870000000000000284e+01 7.831375877048792219e-06
4.875000000000000000e+01 7.784035194499086115e-06
4.880000000000000426e+01 7.737027759100233856e-06
4.885000000000000142e+01 7.690350894314688885e-06
4.890000000000000568e+01 7.644001947752687419e-06
4.895000000000000284e+01 7.597978290930681425e-06
4.900000000000000000e+01 7.552277319032159389e-06
4.905000000000000426e+01 7.506896450671213161e-06
4.910000000000000142e+01 7.461833127658767873e-06
4.915000000000000568e+01 7.417084814771164067e-06
4.920000000000000284e+01 7.372648999521537576e-06
4.925000000000000000e+01 7.328523191933465210e-06
4.930000000000000426e+01 7.284704924317215080e-06
4.935000000000000142e+01 7.241191751048476176e-06
4.940000000000000568e+01 7.197981248349308875e-06
4.945000000000000284e+01 7.155071014071777147e-06
4.950000000000000000e+01 7.112458667483622116e-06
4.955000000000000426e+01 7.070141849056497894e-06
4.960000000000000142e+01 7.028118220256426644e-06
4.965000000000000568e+01 6.986385463336504200e-06
4.970000000000000284e+01 6.944941281131887607e-06
4.975000000000000000e+01 6.903783396856973078e-06
4.980000000000000426e+01 6.862909553904849089e-06
4.985000000000000142e+01 6.822317515648839942e-06
4.990000000000000568e+01 6.782005065246148288e-06
4.995000000000000284e+01 6.741970005443792249e-06
5.000000000000000000e+01 6.702210158386442447e-06
5.005000000000000426e+01 6.662723365426432509e-06
5.010000000000000142e+01 6.623507486935825328e-06
5.015000000000000568e+01 6.584560402120446984e-06
5.020000000000000284e+01 6.545880008835892542e-06
5.025000000000000000e+01 6.507464223405648610e-06
5.030000000000000426e+01 6.469310980441000570e-06
5.035000000000000142e+01 6.431418232662922733e-06
5.040000000000000568e+01 6.393783950725977643e-06
5.045000000000000284e+01 6.356406123043900988e-06
5.050000000000000000e+01 6.319282755617224457e-06
5.055000000000000426e+01 6.282411871862641809e-06
5.060000000000000142e+01 6.245791512444251951e-06
5.065000000000000568e+01 6.209419735106518115e-06
5.070000000000000284e+01 6.173294614509088811e-06
5.075000000000000000e+01 6.137414242063337404e-06
5.080000000000000426e+01 6.101776725770629649e-06
5.085000000000000142e+01 6.066380190062286975e-06
5.090000000000000568e+01 6.031222775641348875e-06
5.095000000000000284e+01 5.996302639325835387e-06
5.100000000000000000e+01 5.961617953893878980e-06
5.105000000000000426e+01 5.927166907930251498e-06
5.110000000000000142e+01 5.892947705674773217e-06
5.115000000000000568e+01 5.858958566872075458e-06
5.120000000000000284e+01 5.825197726623146204e-06
5.125000000000000000e+01 5.791663435238249604e-06
5.130000000000000426e+01 5.758353958091614932e-06
5.135000000000000142e+01 5.725267575477429974e-06
5.140000000000000568e+01 5.692402582467459869e-06
5.145000000000000284e+01 5.659757288770201627e-06
5.150000000000000000e+01 5.627330018591400671e-06
5.155000000000000426e+01 5.595119110496086959e-06
5.160000000000000142e+01 5.563122917272088325e-06
5.165000000000000568e+01 5.531339805794886381e-06
5.170000000000000284e+01 5.499768156893938615e-06
5.175000000000000000e+01 5.468406365220407427e-06
5.180000000000000426e+01 5.437252839116178339e-06
