# b, density. dx=0.05, size=1635
0.000000000000000000e+00 0.000000000000000000e+00
5.000000000000000278e-02 0.000000000000000000e+00
1.000000000000000056e-01 0.000000000000000000e+00
1.500000000000000222e-01 0.000000000000000000e+00
2.000000000000000111e-01 0.000000000000000000e+00
2.500000000000000000e-01 0.000000000000000000e+00
3.000000000000000444e-01 0.000000000000000000e+00
3.500000000000000333e-01 0.000000000000000000e+00
4.000000000000000222e-01 0.000000000000000000e+00
4.500000000000000111e-01 0.000000000000000000e+00
5.000000000000000000e-01 0.000000000000000000e+00
5.500000000000000444e-01 0.000000000000000000e+00
6.000000000000000888e-01 0.000000000000000000e+00
6.500000000000000222e-01 0.000000000000000000e+00
7.000000000000000666e-01 0.000000000000000000e+00
7.500000000000000000e-01 0.000000000000000000e+00
8.000000000000000444e-01 0.000000000000000000e+00
8.500000000000000888e-01 0.000000000000000000e+00
9.000000000000000222e-01 0.000000000000000000e+00
9.500000000000000666e-01 0.000000000000000000e+00
1.000000000000000000e+00 1.509370548045008192e-319
1.050000000000000044e+00 1.244974268877125570e-72
1.100000000000000089e+00 2.143620209199512593e-40
1.150000000000000133e+00 9.062855395312491620e-28
1.200000000000000178e+00 4.642295571516693432e-21
1.250000000000000000e+00 6.541568194040140029e-17
1.300000000000000044e+00 4.240940600603783302e-14
1.350000000000000089e+00 4.509000282906658018e-12
1.400000000000000133e+00 1.516879138771769587e-10
1.450000000000000178e+00 2.346366807729659801e-09
1.500000000000000000e+00 2.096475744139038231e-08
1.550000000000000044e+00 1.253428491492904513e-07
1.600000000000000089e+00 5.536413398010223423e-07
1.650000000000000133e+00 1.935890397998307278e-06
1.700000000000000178e+00 5.631444869681073796e-06
1.750000000000000000e+00 1.413631576806235274e-05
1.800000000000000044e+00 3.147705559778287137e-05
1.850000000000000089e+00 6.349953895548454002e-05
1.900000000000000133e+00 1.179833264287166971e-04
1.950000000000000178e+00 2.045518890723534990e-04
2.000000000000000000e+00 3.343896820651465359e-04
2.050000000000000266e+00 5.750865909044139846e-04
2.100000000000000089e+00 7.737146121302191249e-04
2.149999999999999911e+00 1.109055199726950540e-03
2.200000000000000178e+00 1.538266496860365290e-03
2.250000000000000000e+00 2.072794703904394173e-03
2.300000000000000266e+00 2.722697653348570609e-03
2.350000000000000089e+00 3.496346461409488744e-03
2.400000000000000355e+00 4.400228523581361378e-03
2.450000000000000178e+00 5.438846059006137434e-03
2.500000000000000000e+00 6.614699167232304319e-03
2.550000000000000266e+00 7.928339511316256222e-03
2.600000000000000089e+00 9.378479758853688550e-03
2.650000000000000355e+00 1.096214426691338902e-02
2.700000000000000178e+00 1.267484771928584220e-02
2.750000000000000000e+00 1.451079013659865337e-02
2.800000000000000266e+00 1.646305859778633349e-02
2.850000000000000089e+00 1.852382793657095239e-02
2.900000000000000355e+00 2.068455448090385229e-02
2.950000000000000178e+00 2.293615851305651904e-02
3.000000000000000000e+00 2.526919250919378718e-02
3.050000000000000266e+00 2.767399336303456511e-02
3.100000000000000089e+00 3.014081771929605358e-02
3.150000000000000355e+00 3.265996025991132340e-02
3.200000000000000178e+00 3.522185532533787106e-02
3.250000000000000000e+00 3.781716264193047544e-02
3.300000000000000266e+00 4.043683819079051112e-02
3.350000000000000089e+00 4.307219141804700252e-02
3.400000000000000355e+00 4.571493007267960623e-02
3.450000000000000178e+00 4.835719398421160081e-02
3.500000000000000000e+00 5.099157907434945930e-02
3.550000000000000266e+00 5.361115284658302810e-02
3.600000000000000089e+00 5.620946252607549737e-02
3.650000000000000355e+00 5.878053693688296832e-02
3.700000000000000178e+00 6.131888311083887738e-02
3.750000000000000000e+00 6.381947852701019830e-02
3.800000000000000266e+00 6.627775978589599271e-02
3.850000000000000089e+00 6.868960843097010605e-02
3.900000000000000355e+00 7.105133454340617494e-02
3.950000000000000178e+00 7.335965865493450366e-02
4.000000000000000000e+00 7.561169244934866362e-02
4.049999999999999822e+00 7.780491865544711394e-02
4.100000000000000533e+00 7.993717047314391477e-02
4.150000000000000355e+00 8.200661081992348389e-02
4.200000000000000178e+00 8.401171163642427719e-02
4.250000000000000000e+00 8.595123344732050197e-02
4.299999999999999822e+00 8.782420533639501148e-02
4.350000000000000533e+00 8.962990546229145095e-02
4.400000000000000355e+00 9.136784221344686208e-02
4.450000000000000178e+00 9.303773607668705536e-02
4.500000000000000000e+00 9.463950227348581767e-02
4.549999999999999822e+00 9.617323420054657568e-02
4.600000000000000533e+00 9.763918769679021115e-02
4.650000000000000355e+00 9.903776614668122202e-02
4.700000000000000178e+00 1.003695064197915460e-01
4.750000000000000000e+00 1.016350656383007561e-01
4.800000000000000711e+00 1.028352087575240131e-01
4.850000000000000533e+00 1.039707969393077330e-01
4.900000000000000355e+00 1.050427766940570801e-01
4.950000000000000178e+00 1.060521697640668670e-01
5.000000000000000000e+00 1.070000637185852116e-01
5.050000000000000711e+00 1.078876032294947135e-01
5.100000000000000533e+00 1.087159819955490769e-01
5.150000000000000355e+00 1.094864352826418474e-01
5.200000000000000178e+00 1.102002330475279623e-01
5.250000000000000000e+00 1.108586736126900424e-01
5.300000000000000711e+00 1.114630778605771866e-01
5.350000000000000533e+00 1.120147839161868830e-01
5.400000000000000355e+00 1.125151422878700458e-01
5.450000000000000178e+00 1.129655114372658670e-01
5.500000000000000000e+00 1.133672537503959826e-01
5.550000000000000711e+00 1.137217318831250518e-01
5.600000000000000533e+00 1.140303054554187845e-01
5.650000000000000355e+00 1.142943280700667585e-01
5.700000000000000178e+00 1.145151446327823536e-01
5.750000000000000000e+00 1.146940889518258955e-01
5.800000000000000711e+00 1.148324815965118401e-01
5.850000000000000533e+00 1.149316279951486663e-01
5.900000000000000355e+00 1.149928167541141022e-01
5.950000000000000178e+00 1.150173181808827882e-01
6.000000000000000000e+00 1.150063829948981819e-01
6.050000000000000711e+00 1.149612412112085702e-01
6.100000000000000533e+00 1.148831011827701615e-01
6.150000000000000355e+00 1.147731487882574092e-01
6.200000000000000178e+00 1.146325467531092435e-01
6.250000000000000000e+00 1.144624340923840605e-01
6.300000000000000711e+00 1.142639256647916962e-01
6.350000000000000533e+00 1.140381118280251876e-01
6.400000000000000355e+00 1.137860581862214365e-01
6.450000000000000178e+00 1.135088054210484226e-01
6.500000000000000000e+00 1.132073691985406305e-01
6.550000000000000711e+00 1.128827401443927431e-01
6.600000000000000533e+00 1.125358838809709383e-01
6.650000000000000355e+00 1.121677411198142432e-01
6.700000000000000178e+00 1.117792278038809706e-01
6.750000000000000000e+00 1.113712352942415468e-01
6.800000000000000711e+00 1.109446305963389529e-01
6.850000000000000533e+00 1.105002566213262316e-01
6.900000000000000355e+00 1.100389324783542649e-01
6.950000000000000178e+00 1.095614537940197003e-01
7.000000000000000000e+00 1.090685930554961686e-01
7.050000000000000711e+00 1.085610999741638549e-01
7.100000000000000533e+00 1.080397018668211445e-01
7.150000000000000355e+00 1.075051040518136547e-01
7.200000000000000178e+00 1.069579902576473923e-01
7.250000000000000000e+00 1.063990230418673522e-01
7.300000000000000711e+00 1.058288442181822414e-01
7.350000000000000533e+00 1.052480752899990074e-01
7.400000000000000355e+00 1.046573178887014038e-01
7.450000000000000178e+00 1.040571542151624146e-01
7.500000000000000000e+00 1.034481474831270287e-01
7.550000000000000711e+00 1.028308423632326440e-01
7.600000000000000533e+00 1.022057654265598747e-01
7.650000000000000355e+00 1.015734255867174335e-01
7.700000000000000178e+00 1.009343145395709268e-01
7.750000000000000000e+00 1.002889071998196158e-01
7.800000000000000711e+00 9.963766213371404168e-02
7.850000000000000533e+00 9.898102198728798984e-02
7.900000000000000355e+00 9.831941390955205307e-02
7.950000000000000178e+00 9.765324997016430753e-02
8.000000000000000000e+00 9.698292757115592466e-02
8.050000000000000711e+00 9.630882985234556770e-02
8.099999999999999645e+00 9.563132609012969798e-02
8.150000000000000355e+00 9.495077208938192126e-02
8.200000000000001066e+00 9.426751056823871877e-02
8.250000000000000000e+00 9.358187153558825133e-02
8.300000000000000711e+00 9.289417266111396621e-02
8.349999999999999645e+00 9.220471963777830682e-02
8.400000000000000355e+00 9.151380653665985854e-02
8.450000000000001066e+00 9.082171615408636545e-02
8.500000000000000000e+00 9.012872035102698076e-02
8.550000000000000711e+00 8.943508038473128863e-02
8.599999999999999645e+00 8.874104723262189742e-02
8.650000000000000355e+00 8.804686190846301719e-02
8.700000000000001066e+00 8.735275577084616883e-02
8.750000000000000000e+00 8.665895082404538596e-02
8.800000000000000711e+00 8.596566001130816204e-02
8.849999999999999645e+00 8.527308750065989984e-02
8.900000000000000355e+00 8.458142896330717031e-02
8.950000000000001066e+00 8.389087184473664749e-02
9.000000000000000000e+00 8.320159562861101366e-02
9.050000000000000711e+00 8.251377209357173281e-02
9.099999999999999645e+00 8.182756556306323981e-02
9.150000000000000355e+00 8.114313314829754709e-02
9.200000000000001066e+00 8.046062498448283695e-02
9.250000000000000000e+00 7.978018446044239653e-02
9.300000000000000711e+00 7.910194844175254258e-02
9.349999999999999645e+00 7.842604748753197186e-02
9.400000000000000355e+00 7.775260606101307148e-02
9.450000000000001066e+00 7.708174273403124721e-02
9.500000000000000000e+00 7.641357038556446934e-02
9.550000000000000711e+00 7.574819639445914965e-02
9.600000000000001421e+00 7.508572282647607565e-02
9.650000000000000355e+00 7.442624661579072542e-02
9.700000000000001066e+00 7.376985974108106470e-02
9.750000000000000000e+00 7.311664939633605309e-02
9.800000000000000711e+00 7.246669815651529678e-02
9.850000000000001421e+00 7.182008413819081227e-02
9.900000000000000355e+00 7.117688115529863246e-02
9.950000000000001066e+00 7.053715887012765307e-02
1.000000000000000000e+01 6.990098293967092480e-02
1.005000000000000071e+01 6.926841515746207101e-02
1.010000000000000142e+01 6.863951359101881644e-02
1.015000000000000036e+01 6.801433271501228228e-02
1.020000000000000107e+01 6.739292354027917598e-02
1.025000000000000000e+01 6.677533373879222800e-02
1.030000000000000071e+01 6.616160776470066118e-02
1.035000000000000142e+01 6.555178697155197853e-02
1.040000000000000036e+01 6.494590972580242816e-02
1.045000000000000107e+01 6.434401151672226871e-02
1.050000000000000000e+01 6.374612506279907220e-02
1.055000000000000071e+01 6.315228041474026111e-02
1.060000000000000142e+01 6.256250505517364779e-02
1.065000000000000036e+01 6.197682399514229529e-02
1.070000000000000107e+01 6.139525986748780445e-02
1.075000000000000000e+01 6.081783301721415541e-02
1.080000000000000071e+01 6.024456158892104590e-02
1.085000000000000142e+01 5.967546161139483663e-02
1.090000000000000036e+01 5.911054707944130016e-02
1.095000000000000107e+01 5.854983003304355810e-02
1.100000000000000000e+01 5.799332063392596825e-02
1.105000000000000071e+01 5.744102723960193418e-02
1.110000000000000142e+01 5.689295647498287395e-02
1.115000000000000036e+01 5.634911330162201137e-02
1.120000000000000107e+01 5.580950108466572329e-02
1.125000000000000000e+01 5.527412165758286561e-02
1.130000000000000071e+01 5.474297538474017649e-02
1.135000000000000142e+01 5.421606122189041865e-02
1.140000000000000036e+01 5.369337677463814629e-02
1.145000000000000107e+01 5.317491835494504715e-02
1.150000000000000000e+01 5.266068103573716408e-02
1.155000000000000071e+01 5.215065870367172757e-02
1.160000000000000142e+01 5.164484411012251058e-02
1.165000000000000036e+01 5.114322892043854374e-02
1.170000000000000107e+01 5.064580376153081376e-02
1.175000000000000000e+01 5.015255826783988208e-02
1.180000000000000071e+01 4.966348112573475138e-02
1.185000000000000142e+01 4.917856011639330782e-02
1.190000000000000036e+01 4.869778215721192599e-02
1.195000000000000107e+01 4.822113334179102540e-02
1.200000000000000000e+01 4.774859897854204227e-02
1.205000000000000071e+01 4.728016362795928879e-02
1.210000000000000142e+01 4.681581113859976939e-02
1.215000000000000036e+01 4.635552468181169256e-02
1.220000000000000107e+01 4.589928678525223571e-02
1.225000000000000000e+01 4.544707936523294245e-02
1.230000000000000071e+01 4.499888375793052731e-02
1.235000000000000142e+01 4.455468074949978791e-02
1.240000000000000036e+01 4.411445060512342309e-02
1.245000000000000107e+01 4.367817309703352080e-02
1.250000000000000000e+01 4.324582753153782821e-02
1.255000000000000071e+01 4.281739277508260499e-02
1.260000000000000142e+01 4.239284727938380515e-02
1.265000000000000036e+01 4.197216910565623044e-02
1.270000000000000107e+01 4.155533594797051339e-02
1.275000000000000000e+01 4.114232515576561611e-02
1.280000000000000071e+01 4.073311375554495434e-02
1.285000000000000142e+01 4.032767847178234805e-02
1.290000000000000036e+01 3.992599574706376386e-02
1.295000000000000107e+01 3.952804176148962123e-02
1.300000000000000000e+01 3.913379245136223983e-02
1.305000000000000071e+01 3.874322352718134049e-02
1.310000000000000142e+01 3.835631049097073392e-02
1.315000000000000036e+01 3.797302865295797830e-02
1.320000000000000107e+01 3.759335314762803776e-02
1.325000000000000000e+01 3.721725894917226468e-02
1.330000000000000071e+01 3.684472088635176723e-02
1.335000000000000142e+01 3.647571365679512512e-02
1.340000000000000036e+01 3.611021184074903606e-02
1.345000000000000107e+01 3.574818991429960791e-02
1.350000000000000000e+01 3.538962226208261508e-02
1.355000000000000071e+01 3.503448318949876905e-02
1.360000000000000142e+01 3.468274693445135004e-02
1.365000000000000036e+01 3.433438767862140306e-02
1.370000000000000107e+01 3.398937955829628432e-02
1.375000000000000000e+01 3.364769667476648352e-02
1.380000000000000071e+01 3.330931310430491898e-02
1.385000000000000142e+01 3.297420290774301377e-02
1.390000000000000036e+01 3.264234013965681969e-02
1.395000000000000107e+01 3.231369885717626927e-02
1.400000000000000000e+01 3.198825312843080193e-02
1.405000000000000071e+01 3.166597704064257057e-02
1.410000000000000142e+01 3.134684470788038496e-02
1.415000000000000036e+01 3.103083027848476533e-02
1.420000000000000107e+01 3.071790794217593712e-02
1.425000000000000000e+01 3.040805193685540767e-02
1.430000000000000071e+01 3.010123655511127636e-02
1.435000000000000142e+01 2.979743615043777341e-02
1.440000000000000036e+01 2.949662514317844680e-02
1.445000000000000107e+01 2.919877802620274299e-02
1.450000000000000000e+01 2.890386937032485629e-02
1.455000000000000071e+01 2.861187382947396468e-02
1.460000000000000142e+01 2.832276614562422717e-02
1.465000000000000036e+01 2.803652115349295273e-02
1.470000000000000107e+01 2.775311378501482684e-02
1.475000000000000000e+01 2.747251907360021353e-02
1.480000000000000071e+01 2.719471215818474938e-02
1.485000000000000142e+01 2.691966828707774775e-02
1.490000000000000036e+01 2.664736282161627237e-02
1.495000000000000107e+01 2.637777123963179829e-02
1.500000000000000000e+01 2.818344773351546401e-02
1.505000000000000071e+01 2.784018099284381667e-02
1.510000000000000142e+01 2.750149802459867648e-02
1.515000000000000036e+01 2.716733225292173801e-02
1.520000000000000107e+01 2.683761814668561563e-02
1.525000000000000000e+01 2.651229120188218491e-02
1.530000000000000071e+01 2.619128792432813893e-02
1.535000000000000142e+01 2.587454581268201423e-02
1.540000000000000036e+01 2.556200334176637196e-02
1.545000000000000107e+01 2.525359994618952761e-02
1.550000000000000000e+01 2.494927600426104924e-02
1.555000000000000071e+01 2.464897282219532387e-02
1.560000000000000142e+01 2.435263261859788031e-02
1.565000000000000036e+01 2.406019850922887574e-02
1.570000000000000107e+01 2.377161449203861465e-02
1.575000000000000000e+01 2.348682543246992729e-02
1.580000000000000071e+01 2.320577704902221025e-02
1.585000000000000142e+01 2.292841589907240740e-02
1.590000000000000036e+01 2.265468936494780677e-02
1.595000000000000107e+01 2.238454564024601121e-02
1.600000000000000000e+01 2.211793371639752745e-02
1.605000000000000071e+01 2.185480336946613381e-02
1.610000000000000142e+01 2.159510514718278665e-02
1.615000000000000213e+01 2.133879035620856249e-02
1.619999999999999929e+01 2.108581104962231959e-02
1.625000000000000000e+01 2.083612001462880822e-02
1.630000000000000071e+01 2.058967076048337855e-02
1.635000000000000142e+01 2.034641750662878265e-02
1.640000000000000213e+01 2.010631517104047306e-02
1.644999999999999929e+01 1.986931935877631061e-02
1.650000000000000000e+01 1.963538635072688276e-02
1.655000000000000071e+01 1.940447309256283087e-02
1.660000000000000142e+01 1.917653718387531819e-02
1.665000000000000213e+01 1.895153686750613783e-02
1.669999999999999929e+01 1.872943101906396693e-02
1.675000000000000000e+01 1.851017913662323516e-02
1.680000000000000071e+01 1.829374133060234636e-02
1.685000000000000142e+01 1.808007831381773164e-02
1.690000000000000213e+01 1.786915139171069145e-02
1.694999999999999929e+01 1.766092245274368533e-02
1.700000000000000000e+01 1.745535395896297484e-02
1.705000000000000071e+01 1.725240893672468079e-02
1.710000000000000142e+01 1.705205096758098671e-02
1.715000000000000213e+01 1.685424417932381014e-02
1.719999999999999929e+01 1.665895323718287122e-02
1.725000000000000000e+01 1.646614333517533793e-02
1.730000000000000071e+01 1.627578018760445985e-02
1.735000000000000142e+01 1.608783002070415455e-02
1.740000000000000213e+01 1.590225956442713542e-02
1.744999999999999929e+01 1.571903604437380197e-02
1.750000000000000000e+01 1.553812717385939443e-02
1.755000000000000071e+01 1.535950114611694256e-02
1.760000000000000142e+01 1.518312662663337358e-02
1.765000000000000213e+01 1.500897274561649626e-02
1.769999999999999929e+01 1.483700909059047258e-02
1.775000000000000000e+01 1.466720569911730138e-02
1.780000000000000071e+01 1.449953305164233298e-02
1.785000000000000142e+01 1.433396206446117468e-02
1.790000000000000213e+01 1.417046408280612027e-02
1.794999999999999929e+01 1.400901087404977929e-02
1.800000000000000000e+01 1.384957462102376531e-02
1.805000000000000071e+01 1.369212791545058698e-02
1.810000000000000142e+01 1.353664375148638278e-02
1.815000000000000213e+01 1.338309551937275250e-02
1.819999999999999929e+01 1.323145699919563503e-02
1.825000000000000000e+01 1.308170235474928091e-02
1.830000000000000071e+01 1.293380612750354153e-02
1.835000000000000142e+01 1.278774323067248704e-02
1.840000000000000213e+01 1.264348894338264070e-02
1.844999999999999929e+01 1.250101890493902045e-02
1.850000000000000000e+01 1.236030910918718348e-02
1.855000000000000071e+01 1.222133589896973356e-02
1.860000000000000142e+01 1.208407596067537053e-02
1.865000000000000213e+01 1.194850631887901110e-02
1.869999999999999929e+01 1.181460433107132252e-02
1.875000000000000000e+01 1.168234768247600197e-02
1.880000000000000071e+01 1.155171438095340189e-02
1.885000000000000142e+01 1.142268275198880974e-02
1.890000000000000213e+01 1.129523143376397372e-02
1.894999999999999929e+01 1.116933937231039294e-02
1.900000000000000000e+01 1.104498581674288361e-02
1.905000000000000071e+01 1.092215031457212208e-02
1.910000000000000142e+01 1.080081270709459459e-02
1.915000000000000213e+01 1.068095312485874485e-02
1.920000000000000284e+01 1.056255198320590546e-02
1.925000000000000000e+01 1.044558997788473838e-02
1.930000000000000071e+01 1.033004808073782581e-02
1.935000000000000142e+01 1.021590753545926177e-02
1.940000000000000213e+01 1.010314985342189095e-02
1.945000000000000284e+01 9.991756809573013737e-03
1.950000000000000000e+01 9.881710438397415738e-03
1.955000000000000071e+01 9.772993029946431404e-03
1.960000000000000142e+01 9.665587125932044096e-03
1.965000000000000213e+01 9.559475515884730337e-03
1.970000000000000284e+01 9.454641233374057666e-03
1.975000000000000000e+01 9.351067552290894674e-03
1.980000000000000071e+01 9.248737983190136874e-03
1.985000000000000142e+01 9.147636269693009900e-03
1.990000000000000213e+01 9.047746384947775652e-03
1.995000000000000284e+01 8.949052528147921973e-03
2.000000000000000000e+01 8.851539121106838381e-03
2.005000000000000071e+01 8.755190804887914499e-03
2.010000000000000142e+01 8.659992436489280521e-03
2.015000000000000213e+01 8.565929085582062175e-03
2.020000000000000284e+01 8.472986031301315765e-03
2.025000000000000000e+01 8.381148759088772465e-03
2.030000000000000071e+01 8.290402957586404803e-03
2.035000000000000142e+01 8.200734515580055534e-03
2.040000000000000213e+01 8.112129518992195615e-03
2.045000000000000284e+01 8.024574247922940454e-03
2.050000000000000000e+01 7.938055173738640946e-03
2.055000000000000071e+01 7.852558956207048371e-03
2.060000000000000142e+01 7.768072440678443387e-03
2.065000000000000213e+01 7.684582655311775895e-03
2.070000000000000284e+01 7.602076808345193878e-03
2.075000000000000000e+01 7.520542285410098185e-03
2.080000000000000071e+01 7.439966646888042379e-03
2.085000000000000142e+01 7.360337625309754279e-03
2.090000000000000213e+01 7.281643122795509841e-03
2.095000000000000284e+01 7.203871208536240071e-03
2.100000000000000000e+01 7.127010116314580826e-03
2.105000000000000071e+01 7.051048242065289552e-03
2.110000000000000142e+01 6.975974141474319476e-03
2.115000000000000213e+01 6.901776527615878162e-03
2.120000000000000284e+01 6.828444268626866764e-03
2.125000000000000000e+01 6.755966385418057246e-03
2.130000000000000071e+01 6.684332049421371803e-03
2.135000000000000142e+01 6.613530580372713706e-03
2.140000000000000213e+01 6.543551444129679096e-03
2.145000000000000284e+01 6.474384250523608497e-03
2.150000000000000000e+01 6.406018751245409933e-03
2.155000000000000071e+01 6.338444837764548208e-03
2.160000000000000142e+01 6.271652539280700780e-03
2.165000000000000213e+01 6.205632020707491266e-03
2.170000000000000284e+01 6.140373580687773225e-03
2.175000000000000000e+01 6.075867649639956833e-03
2.180000000000000071e+01 6.012104787834838919e-03
2.185000000000000142e+01 5.949075683502455004e-03
2.190000000000000213e+01 5.886771150968438983e-03
2.195000000000000284e+01 5.825182128819384776e-03
2.200000000000000000e+01 5.764299678096762407e-03
2.205000000000000071e+01 5.704114980518892354e-03
2.210000000000000142e+01 5.644619336730523698e-03
2.215000000000000213e+01 5.585804164579571962e-03
2.220000000000000284e+01 5.527660997420520521e-03
2.225000000000000000e+01 5.470181482444116082e-03
2.230000000000000071e+01 5.413357379032851698e-03
2.235000000000000142e+01 5.357180557141892965e-03
2.240000000000000213e+01 5.301642995704939146e-03
2.245000000000000284e+01 5.246736781064696535e-03
2.250000000000000000e+01 5.192454105427489648e-03
2.255000000000000071e+01 5.138787265341658930e-03
2.260000000000000142e+01 5.085728660199342541e-03
2.265000000000000213e+01 5.033270790761251029e-03
2.270000000000000284e+01 4.981406257704077550e-03
2.275000000000000000e+01 4.930127760190142032e-03
2.280000000000000071e+01 4.879428094458945764e-03
2.285000000000000142e+01 4.829300152440266052e-03
2.290000000000000213e+01 4.779736920388416230e-03
2.295000000000000284e+01 4.730731477537356185e-03
2.300000000000000000e+01 4.682276994776311645e-03
2.305000000000000071e+01 4.634366733345536213e-03
2.310000000000000142e+01 4.586994043551956800e-03
2.315000000000000213e+01 4.540152363504313011e-03
2.320000000000000284e+01 4.493835217867486048e-03
2.325000000000000000e+01 4.448036216635770784e-03
2.330000000000000071e+01 4.402749053924676428e-03
2.335000000000000142e+01 4.357967506781078824e-03
2.340000000000000213e+01 4.313685434011314129e-03
2.345000000000000284e+01 4.269896775027011773e-03
2.350000000000000000e+01 4.226595548708337972e-03
2.355000000000000071e+01 4.183775852284361829e-03
2.360000000000000142e+01 4.141431860230321109e-03
2.365000000000000213e+01 4.099557823181458963e-03
2.370000000000000284e+01 4.058148066863183530e-03
2.375000000000000000e+01 4.017196991037328378e-03
2.380000000000000071e+01 3.976699068464171170e-03
2.385000000000000142e+01 3.936648843880076118e-03
2.390000000000000213e+01 3.897040932990383788e-03
2.395000000000000284e+01 3.857870021477404713e-03
2.400000000000000000e+01 3.819130864023236212e-03
2.405000000000000071e+01 3.780818283347136145e-03
2.410000000000000142e+01 3.742927169257310917e-03
2.415000000000000213e+01 3.705452477716779467e-03
2.420000000000000284e+01 3.668389229923180520e-03
2.425000000000000000e+01 3.631732511402244699e-03
2.430000000000000071e+01 3.595477471114731562e-03
2.435000000000000142e+01 3.559619320576657645e-03
2.440000000000000213e+01 3.524153332992526703e-03
2.445000000000000284e+01 3.489074842401425954e-03
2.450000000000000000e+01 3.454379242835751984e-03
2.455000000000000071e+01 3.420061987492376780e-03
2.460000000000000142e+01 3.386118587916063082e-03
2.465000000000000213e+01 3.352544613194920458e-03
2.470000000000000284e+01 3.319335689167724271e-03
2.475000000000000000e+01 3.286487497642921491e-03
2.480000000000000071e+01 3.253995775629098686e-03
2.485000000000000142e+01 3.221856314576805949e-03
2.490000000000000213e+01 3.190064959631480016e-03
2.495000000000000284e+01 3.158617608897339082e-03
2.500000000000000000e+01 3.127510212712071927e-03
2.505000000000000071e+01 3.096738772932137052e-03
2.510000000000000142e+01 3.066299342228540406e-03
2.515000000000000213e+01 3.036188023392870534e-03
2.520000000000000284e+01 3.006400968653504847e-03
2.525000000000000000e+01 2.976934379001761489e-03
2.530000000000000071e+01 2.947784503527876247e-03
2.535000000000000142e+01 2.918947638766671796e-03
2.540000000000000213e+01 2.890420128052711111e-03
2.545000000000000284e+01 2.862198360884847439e-03
2.550000000000000000e+01 2.834278772299979147e-03
2.555000000000000071e+01 2.806657842255901904e-03
2.560000000000000142e+01 2.779332095023102044e-03
2.565000000000000213e+01 2.752298098585355835e-03
2.570000000000000284e+01 2.725552464048981542e-03
2.575000000000000000e+01 2.699091845060651047e-03
2.580000000000000071e+01 2.672912937233590160e-03
2.585000000000000142e+01 2.647012477582067879e-03
2.590000000000000213e+01 2.621387243964003709e-03
2.595000000000000284e+01 2.596034054531642758e-03
2.600000000000000000e+01 2.570949767190096064e-03
2.605000000000000071e+01 2.546131279063661157e-03
2.610000000000000142e+01 2.521575525969836987e-03
2.615000000000000213e+01 2.497279481900838930e-03
2.620000000000000284e+01 2.473240158512571372e-03
2.625000000000000000e+01 2.449454604620901737e-03
2.630000000000000071e+01 2.425919905705131892e-03
2.635000000000000142e+01 2.402633183418589283e-03
2.640000000000000213e+01 2.379591595106174320e-03
2.645000000000000284e+01 2.356792333328805011e-03
2.650000000000000000e+01 2.334232625394627898e-03
2.655000000000000071e+01 2.311909732896902901e-03
2.660000000000000142e+01 2.289820951258469267e-03
2.665000000000000213e+01 2.267963609282670333e-03
2.670000000000000284e+01 2.246335068710653398e-03
2.675000000000000000e+01 2.224932723784962298e-03
2.680000000000000071e+01 2.203754000819287823e-03
2.685000000000000142e+01 2.182796357774326960e-03
2.690000000000000213e+01 2.162057283839641676e-03
2.695000000000000284e+01 2.141534299021403184e-03
2.700000000000000000e+01 2.121224953735983097e-03
2.705000000000000071e+01 2.101126828409252256e-03
2.710000000000000142e+01 2.081237533081536483e-03
2.715000000000000213e+01 2.061554707018139511e-03
2.720000000000000284e+01 2.042076018325321603e-03
2.725000000000000000e+01 2.022799163571695289e-03
2.730000000000000071e+01 2.003721867414921549e-03
2.735000000000000142e+01 1.984841882233647457e-03
2.740000000000000213e+01 1.966156987764602036e-03
2.745000000000000284e+01 1.947664990744763782e-03
2.750000000000000000e+01 1.929363724558543934e-03
2.755000000000000071e+01 1.911251048889882689e-03
2.760000000000000142e+01 1.893324849379227374e-03
2.765000000000000213e+01 1.875583037285269384e-03
2.770000000000000284e+01 1.858023549151409772e-03
2.775000000000000000e+01 1.840644346476860444e-03
2.780000000000000071e+01 1.823443415392320263e-03
2.785000000000000142e+01 1.806418766340167929e-03
2.790000000000000213e+01 1.789568433759084701e-03
2.795000000000000284e+01 1.772890475773047751e-03
2.800000000000000000e+01 1.756382973884647531e-03
2.805000000000000071e+01 1.740044032672637001e-03
2.810000000000000142e+01 1.723871779493676287e-03
2.815000000000000213e+01 1.707864364188194052e-03
2.820000000000000284e+01 1.692019958790304431e-03
2.825000000000000000e+01 1.676336757241740074e-03
2.830000000000000071e+01 1.660812975109706314e-03
2.835000000000000142e+01 1.645446849308650379e-03
2.840000000000000213e+01 1.630236637825829013e-03
2.845000000000000284e+01 1.615180619450668842e-03
2.850000000000000000e+01 1.600277093507829944e-03
2.855000000000000071e+01 1.585524379593937711e-03
2.860000000000000142e+01 1.570920817317930738e-03
2.865000000000000213e+01 1.556464766044947552e-03
2.870000000000000284e+01 1.542154604643739164e-03
2.875000000000000000e+01 1.527988731237516157e-03
2.880000000000000071e+01 1.513965562958204721e-03
2.885000000000000142e+01 1.500083535704067623e-03
2.890000000000000213e+01 1.486341103900613555e-03
2.895000000000000284e+01 1.472736740264770370e-03
2.900000000000000000e+01 1.459268935572278179e-03
2.905000000000000071e+01 1.445936198428216229e-03
2.910000000000000142e+01 1.432737055040687619e-03
2.915000000000000213e+01 1.419670048997539796e-03
2.920000000000000284e+01 1.406733741046141623e-03
2.925000000000000000e+01 1.393926708876116419e-03
2.930000000000000071e+01 1.381247546905044416e-03
2.935000000000000142e+01 1.368694866067042678e-03
2.940000000000000213e+01 1.356267293604216870e-03
2.945000000000000284e+01 1.343963472860911336e-03
2.950000000000000000e+01 1.331782063080759037e-03
2.955000000000000071e+01 1.319721739206442196e-03
2.960000000000000142e+01 1.307781191682164329e-03
2.965000000000000213e+01 1.295959126258777044e-03
2.970000000000000284e+01 1.284254263801524109e-03
2.975000000000000000e+01 1.272665340100369389e-03
2.980000000000000071e+01 1.261191105682865285e-03
2.985000000000000142e+01 1.249830325629542162e-03
2.990000000000000213e+01 1.238581779391753060e-03
2.995000000000000284e+01 1.227444260611975854e-03
3.000000000000000000e+01 1.216416576946496766e-03
3.005000000000000071e+01 1.205497549890485178e-03
3.010000000000000142e+01 1.194686014605382150e-03
3.015000000000000213e+01 1.183980819748608028e-03
3.020000000000000284e+01 1.173380827305533234e-03
3.025000000000000000e+01 1.162884912423678158e-03
3.030000000000000071e+01 1.152491963249127876e-03
3.035000000000000142e+01 1.142200880765124578e-03
3.040000000000000213e+01 1.132010578632788519e-03
3.045000000000000284e+01 1.121919983033965078e-03
3.050000000000000000e+01 1.111928032516150237e-03
3.055000000000000071e+01 1.102033677839467591e-03
3.060000000000000142e+01 1.092235881825674758e-03
3.065000000000000213e+01 1.082533619209165385e-03
3.070000000000000284e+01 1.072925876489932680e-03
3.075000000000000000e+01 1.063411651788484730e-03
3.080000000000000071e+01 1.053989954702659777e-03
3.085000000000000142e+01 1.044659806166344483e-03
3.090000000000000213e+01 1.035420238310031217e-03
3.095000000000000284e+01 1.026270294323231719e-03
3.100000000000000000e+01 1.017209028318679254e-03
3.105000000000000071e+01 1.008235505198327303e-03
3.110000000000000142e+01 9.993488005210992252e-04
3.115000000000000213e+01 9.905480003723704865e-04
3.120000000000000284e+01 9.818322012351689103e-04
3.125000000000000000e+01 9.732005098630489362e-04
3.130000000000000071e+01 9.646520431546331664e-04
3.135000000000000142e+01 9.561859280297958265e-04
3.140000000000000213e+01 9.478013013074550750e-04
3.145000000000000284e+01 9.394973095849661364e-04
3.150000000000000000e+01 9.312731091190781796e-04
3.155000000000000071e+01 9.231278657084475685e-04
3.160000000000000142e+01 9.150607545776750671e-04
3.165000000000000213e+01 9.070709602628531211e-04
3.170000000000000284e+01 8.991576764985971960e-04
3.175000000000000000e+01 8.913201061065398117e-04
3.180000000000000071e+01 8.835574608852762163e-04
3.185000000000000142e+01 8.758689615017322067e-04
3.190000000000000213e+01 8.682538373839364257e-04
3.195000000000000284e+01 8.607113266151817385e-04
3.200000000000000000e+01 8.532406758295499934e-04
3.205000000000000426e+01 8.458411401087887827e-04
3.210000000000000142e+01 8.385119828805209048e-04
3.214999999999999858e+01 8.312524758177543271e-04
3.220000000000000284e+01 8.240618987396960103e-04
3.225000000000000000e+01 8.169395395138450908e-04
3.230000000000000426e+01 8.098846939593238974e-04
3.235000000000000142e+01 8.028966657514831221e-04
3.239999999999999858e+01 7.959747663276937587e-04
3.245000000000000284e+01 7.891183147943769830e-04
3.250000000000000000e+01 7.823266378352144047e-04
3.255000000000000426e+01 7.755990696205223179e-04
3.260000000000000142e+01 7.689349517178048054e-04
3.264999999999999858e+01 7.623336330034356052e-04
3.270000000000000284e+01 7.557944695754676562e-04
3.275000000000000000e+01 7.493168246675690211e-04
3.280000000000000426e+01 7.429000685640330375e-04
3.285000000000000142e+01 7.365435785158950047e-04
3.289999999999999858e+01 7.302467386580929580e-04
3.295000000000000284e+01 7.240089399277020200e-04
3.300000000000000000e+01 7.178295799831959246e-04
3.305000000000000426e+01 7.117080631247325699e-04
3.310000000000000142e+01 7.056438002154577461e-04
3.314999999999999858e+01 6.996362086038004739e-04
3.320000000000000284e+01 6.936847120467510642e-04
3.325000000000000000e+01 6.877887406341190793e-04
3.330000000000000426e+01 6.819477307137331414e-04
3.335000000000000142e+01 6.761611248176019936e-04
3.339999999999999858e+01 6.704283715889940978e-04
3.345000000000000284e+01 6.647489257104421652e-04
3.350000000000000000e+01 6.591222478326597177e-04
3.355000000000000426e+01 6.535478045043409488e-04
3.360000000000000142e+01 6.480250681028524489e-04
3.364999999999999858e+01 6.425535167657952205e-04
3.370000000000000284e+01 6.371326343234156231e-04
3.375000000000000000e+01 6.317619102318863897e-04
3.380000000000000426e+01 6.264408395073949422e-04
3.385000000000000142e+01 6.211689226610865979e-04
3.389999999999999858e+01 6.159456656347952336e-04
3.395000000000000284e+01 6.107705797375994608e-04
3.400000000000000000e+01 6.056431815831593178e-04
3.405000000000000426e+01 6.005629930278354308e-04
3.410000000000000142e+01 5.955295411095896680e-04
3.414999999999999858e+01 5.905423579876325916e-04
3.420000000000000284e+01 5.856009808828352729e-04
3.425000000000000000e+01 5.807049520188783650e-04
3.430000000000000426e+01 5.758538185641283490e-04
3.435000000000000142e+01 5.710471325742455095e-04
3.439999999999999858e+01 5.662844509354924118e-04
3.445000000000000284e+01 5.615653353087554601e-04
3.450000000000000000e+01 5.568893520742579590e-04
3.455000000000000426e+01 5.522560722769511267e-04
3.460000000000000142e+01 5.476650715725921680e-04
3.464999999999999858e+01 5.431159301744767701e-04
3.470000000000000284e+01 5.386082328008392518e-04
3.475000000000000000e+01 5.341415686228998721e-04
3.480000000000000426e+01 5.297155312135448787e-04
3.485000000000000142e+01 5.253297184966529594e-04
3.489999999999999858e+01 5.209837326970320976e-04
3.495000000000000284e+01 5.166771802909804956e-04
3.500000000000000000e+01 5.124096719574547593e-04
3.505000000000000426e+01 5.081808225298319005e-04
3.510000000000000142e+01 5.039902509482737216e-04
3.514999999999999858e+01 4.998375802126608404e-04
3.520000000000000284e+01 4.957224373361205326e-04
3.525000000000000000e+01 4.916444532991087095e-04
3.530000000000000426e+01 4.876032630040626746e-04
3.535000000000000142e+01 4.835985052306057382e-04
3.539999999999999858e+01 4.796298225912949101e-04
3.545000000000000284e+01 4.756968614879165469e-04
3.550000000000000000e+01 4.717992720683083802e-04
3.555000000000000426e+01 4.679367081837111772e-04
3.560000000000000142e+01 4.641088273466368610e-04
3.564999999999999858e+01 4.603152906892524947e-04
3.570000000000000284e+01 4.565557629222661965e-04
3.575000000000000000e+01 4.528299122943185099e-04
3.580000000000000426e+01 4.491374105518573280e-04
3.585000000000000142e+01 4.454779328995106297e-04
3.589999999999999858e+01 4.418511579609281327e-04
3.595000000000000284e+01 4.382567677401054710e-04
3.600000000000000000e+01 4.346944475831749592e-04
3.605000000000000426e+01 4.311638861406511783e-04
3.610000000000000142e+01 4.276647753301438004e-04
3.614999999999999858e+01 4.241968102995096758e-04
3.620000000000000284e+01 4.207596893904573055e-04
3.625000000000000000e+01 4.173531141025861309e-04
3.630000000000000426e+01 4.139767890578576089e-04
3.635000000000000142e+01 4.106304219654993161e-04
3.639999999999999858e+01 4.073137235873228938e-04
3.645000000000000284e+01 4.040264077034648308e-04
3.650000000000000000e+01 4.007681910785381601e-04
3.655000000000000426e+01 3.975387934281852009e-04
3.660000000000000142e+01 3.943379373860357389e-04
3.664999999999999858e+01 3.911653484710613188e-04
3.670000000000000284e+01 3.880207550553133999e-04
3.675000000000000000e+01 3.849038883320593583e-04
3.680000000000000426e+01 3.818144822842832161e-04
3.685000000000000142e+01 3.787522736535796092e-04
3.689999999999999858e+01 3.757170019094033752e-04
3.695000000000000284e+01 3.727084092186951948e-04
3.700000000000000000e+01 3.697262404158675698e-04
3.705000000000000426e+01 3.667702429731435447e-04
3.710000000000000142e+01 3.638401669712539206e-04
3.714999999999999858e+01 3.609357650704775647e-04
3.720000000000000284e+01 3.580567924820276886e-04
3.725000000000000000e+01 3.552030069397812224e-04
3.730000000000000426e+01 3.523741686723340458e-04
3.735000000000000142e+01 3.495700403753980142e-04
3.739999999999999858e+01 3.467903871845161431e-04
3.745000000000000284e+01 3.440349766481047892e-04
3.750000000000000000e+01 3.413035787008135012e-04
3.755000000000000426e+01 3.385959656371996160e-04
3.760000000000000142e+01 3.359119120857118512e-04
3.764999999999999858e+01 3.332511949829833841e-04
3.770000000000000284e+01 3.306135935484235192e-04
3.775000000000000000e+01 3.279988892591166193e-04
3.780000000000000426e+01 3.254068658250031999e-04
3.785000000000000142e+01 3.228373091643669851e-04
3.789999999999999858e+01 3.202900073795988153e-04
3.795000000000000284e+01 3.177647507332509035e-04
3.800000000000000000e+01 3.152613316243709244e-04
3.805000000000000426e+01 3.127795445651111663e-04
3.810000000000000142e+01 3.103191861576136651e-04
3.814999999999999858e+01 3.078800550711657401e-04
3.820000000000000284e+01 3.054619520196200739e-04
3.825000000000000000e+01 3.030646797390828618e-04
3.830000000000000426e+01 3.006880429658579951e-04
3.835000000000000142e+01 2.983318484146515624e-04
3.840000000000000568e+01 2.959959047570279384e-04
3.845000000000000284e+01 2.936800226001197401e-04
3.850000000000000000e+01 2.913840144655821616e-04
3.855000000000000426e+01 2.891076947687938560e-04
3.860000000000000142e+01 2.868508797983001374e-04
3.865000000000000568e+01 2.846133876954928636e-04
3.870000000000000284e+01 2.823950384345281931e-04
3.875000000000000000e+01 2.801956538024745719e-04
3.880000000000000426e+01 2.780150573796924692e-04
3.885000000000000142e+01 2.758530745204426627e-04
3.890000000000000568e+01 2.737095323337141286e-04
3.895000000000000284e+01 2.715842596642791267e-04
3.900000000000000000e+01 2.694770870739608974e-04
3.905000000000000426e+01 2.673878468231238913e-04
3.910000000000000142e+01 2.653163728523742250e-04
3.915000000000000568e+01 2.632625007644679794e-04
3.920000000000000284e+01 2.612260678064355244e-04
3.925000000000000000e+01 2.592069128519030067e-04
3.930000000000000426e+01 2.572048763836227081e-04
3.935000000000000142e+01 2.552198004762028976e-04
3.940000000000000568e+01 2.532515287790340327e-04
3.945000000000000284e+01 2.512999064994124476e-04
3.950000000000000000e+01 2.493647803858584935e-04
3.955000000000000426e+01 2.474459987116209444e-04
3.960000000000000142e+01 2.455434112583785656e-04
3.965000000000000568e+01 2.436568693001180000e-04
3.970000000000000284e+01 2.417862255872045617e-04
3.975000000000000000e+01 2.399313343306292931e-04
3.980000000000000426e+01 2.380920511864378702e-04
3.985000000000000142e+01 2.362682332403393502e-04
3.990000000000000568e+01 2.344597389924835389e-04
3.995000000000000284e+01 2.326664283424195289e-04
4.000000000000000000e+01 2.308881625742202832e-04
4.005000000000000426e+01 2.291248043417773840e-04
4.010000000000000142e+01 2.273762176542641590e-04
4.015000000000000568e+01 2.256422678617624395e-04
4.020000000000000284e+01 2.239228216410520046e-04
4.025000000000000000e+01 2.222177469815630883e-04
4.030000000000000426e+01 2.205269131714850388e-04
4.035000000000000142e+01 2.188501907840357933e-04
4.040000000000000568e+01 2.171874516638824619e-04
4.045000000000000284e+01 2.155385689137194472e-04
4.050000000000000000e+01 2.139034168809946109e-04
4.055000000000000426e+01 2.122818711447869858e-04
4.060000000000000142e+01 2.106738085028342963e-04
4.065000000000000568e+01 2.090791069587011276e-04
4.070000000000000284e+01 2.074976457090975011e-04
4.075000000000000000e+01 2.059293051313368773e-04
4.080000000000000426e+01 2.043739667709342932e-04
4.085000000000000142e+01 2.028315133293494559e-04
4.090000000000000568e+01 2.013018286518574753e-04
4.095000000000000284e+01 1.997847977155672644e-04
4.100000000000000000e+01 1.982803066175637828e-04
4.105000000000000426e+01 1.967882425631906572e-04
4.110000000000000142e+01 1.953084938544596809e-04
4.115000000000000568e+01 1.938409498785919076e-04
4.120000000000000284e+01 1.923855010966860047e-04
4.125000000000000000e+01 1.909420390325126168e-04
4.130000000000000426e+01 1.895104562614351206e-04
4.135000000000000142e+01 1.880906463994535453e-04
4.140000000000000568e+01 1.866825040923693270e-04
4.145000000000000284e+01 1.852859250050727677e-04
4.150000000000000000e+01 1.839008058109474529e-04
4.155000000000000426e+01 1.825270441813939314e-04
4.160000000000000142e+01 1.811645387754704070e-04
4.165000000000000568e+01 1.798131892296458360e-04
4.170000000000000284e+01 1.784728961476696565e-04
4.175000000000000000e+01 1.771435610905524596e-04
4.180000000000000426e+01 1.758250865666554058e-04
4.185000000000000142e+01 1.745173760218961386e-04
4.190000000000000568e+01 1.732203338300533884e-04
4.195000000000000284e+01 1.719338652831881812e-04
4.200000000000000000e+01 1.706578765821633583e-04
4.205000000000000426e+01 1.693922748272731424e-04
4.210000000000000142e+01 1.681369680089724223e-04
4.215000000000000568e+01 1.668918649987106647e-04
4.220000000000000284e+01 1.656568755398652999e-04
4.225000000000000000e+01 1.644319102387747737e-04
4.230000000000000426e+01 1.632168805558715900e-04
4.235000000000000142e+01 1.620116987969121448e-04
4.240000000000000568e+01 1.608162781043012387e-04
4.245000000000000284e+01 1.596305324485157667e-04
4.250000000000000000e+01 1.584543766196175839e-04
4.255000000000000426e+01 1.572877262188623220e-04
4.260000000000000142e+01 1.561304976504008526e-04
4.265000000000000568e+01 1.549826081130684064e-04
4.270000000000000284e+01 1.538439755922669085e-04
4.275000000000000000e+01 1.527145188519330723e-04
4.280000000000000426e+01 1.515941574265958333e-04
4.285000000000000142e+01 1.504828116135211141e-04
4.290000000000000568e+01 1.493804024649398297e-04
4.295000000000000284e+01 1.482868517803632253e-04
4.300000000000000000e+01 1.472020820989794205e-04
4.305000000000000426e+01 1.461260166921347383e-04
4.310000000000000142e+01 1.450585795558961865e-04
4.315000000000000568e+01 1.439996954036936556e-04
4.320000000000000284e+01 1.429492896590435123e-04
4.325000000000000000e+01 1.419072884483500393e-04
4.330000000000000426e+01 1.408736185937853986e-04
4.335000000000000142e+01 1.398482076062471688e-04
4.340000000000000568e+01 1.388309836783912349e-04
4.345000000000000284e+01 1.378218756777398679e-04
4.350000000000000000e+01 1.368208131398665375e-04
4.355000000000000426e+01 1.358277262616502782e-04
4.360000000000000142e+01 1.348425458946078453e-04
4.365000000000000568e+01 1.338652035382932549e-04
4.370000000000000284e+01 1.328956313337719710e-04
4.375000000000000000e+01 1.319337620571626383e-04
4.380000000000000426e+01 1.309795291132498309e-04
4.385000000000000142e+01 1.300328665291665951e-04
4.390000000000000568e+01 1.290937089481413683e-04
4.395000000000000284e+01 1.281619916233162917e-04
4.400000000000000000e+01 1.272376504116281084e-04
4.405000000000000426e+01 1.263206217677579908e-04
4.410000000000000142e+01 1.254108427381438163e-04
4.415000000000000568e+01 1.245082509550574426e-04
4.420000000000000284e+01 1.236127846307456249e-04
4.425000000000000000e+01 1.227243825516333826e-04
4.430000000000000426e+01 1.218429840725887737e-04
4.435000000000000142e+01 1.209685291112503897e-04
4.440000000000000568e+01 1.201009581424137087e-04
4.445000000000000284e+01 1.192402121924783271e-04
4.450000000000000000e+01 1.183862328339540089e-04
4.455000000000000426e+01 1.175389621800255400e-04
4.460000000000000142e+01 1.166983428791755728e-04
4.465000000000000568e+01 1.158643181098635517e-04
4.470000000000000284e+01 1.150368315752631318e-04
4.475000000000000000e+01 1.142158274980529934e-04
4.480000000000000426e+01 1.134012506152656623e-04
4.485000000000000142e+01 1.125930461731889271e-04
4.490000000000000568e+01 1.117911599223223745e-04
4.495000000000000284e+01 1.109955381123866306e-04
4.500000000000000000e+01 1.102061274873860128e-04
4.505000000000000426e+01 1.094228752807231686e-04
4.510000000000000142e+01 1.086457292103654724e-04
4.515000000000000568e+01 1.078746374740623246e-04
4.520000000000000284e+01 1.071095487446127587e-04
4.525000000000000000e+01 1.063504121651836527e-04
4.530000000000000426e+01 1.055971773446762695e-04
4.535000000000000142e+01 1.048497943531431033e-04
4.540000000000000568e+01 1.041082137172507515e-04
4.545000000000000284e+01 1.033723864157930119e-04
4.550000000000000000e+01 1.026422638752494615e-04
4.555000000000000426e+01 1.019177979653907383e-04
4.560000000000000142e+01 1.011989409949316359e-04
4.565000000000000568e+01 1.004856457072267529e-04
4.570000000000000284e+01 9.977786527601524363e-05
4.575000000000000000e+01 9.907555330120564312e-05
4.580000000000000426e+01 9.837866380470921060e-05
4.585000000000000142e+01 9.768715122631356431e-05
4.590000000000000568e+01 9.700097041960087721e-05
4.595000000000000284e+01 9.632007664790949496e-05
4.600000000000000000e+01 9.564442558033495103e-05
4.605000000000000426e+01 9.497397328777608470e-05
4.610000000000000142e+01 9.430867623902040712e-05
4.615000000000000568e+01 9.364849129687013855e-05
4.620000000000000284e+01 9.299337571430949943e-05
4.625000000000000000e+01 9.234328713071181889e-05
4.630000000000000426e+01 9.169818356808479346e-05
4.635000000000000142e+01 9.105802342735678297e-05
4.640000000000000568e+01 9.042276548469946784e-05
4.645000000000000284e+01 8.979236888789075735e-05
4.650000000000000000e+01 8.916679315271395091e-05
4.655000000000000426e+01 8.854599815939445348e-05
4.660000000000000142e+01 8.792994414907460054e-05
4.665000000000000568e+01 8.731859172032236456e-05
4.670000000000000284e+01 8.671190182567983795e-05
4.675000000000000000e+01 8.610983576824314447e-05
4.680000000000000426e+01 8.551235519828180196e-05
4.685000000000000142e+01 8.491942210988955410e-05
4.690000000000000568e+01 8.433099883767217338e-05
4.695000000000000284e+01 8.374704805346819682e-05
4.700000000000000000e+01 8.316753276310313631e-05
4.705000000000000426e+01 8.259241630317834288e-05
4.710000000000000142e+01 8.202166233789228854e-05
4.715000000000000568e+01 8.145523485589324935e-05
4.720000000000000284e+01 8.089309816716707595e-05
4.725000000000000000e+01 8.033521689995414277e-05
4.730000000000000426e+01 7.978155599769951435e-05
4.735000000000000142e+01 7.923208071603428263e-05
4.740000000000000568e+01 7.868675661978674673e-05
4.745000000000000284e+01 7.814554958002584790e-05
4.750000000000000000e+01 7.760842577113296985e-05
4.755000000000000426e+01 7.707535166790553324e-05
4.760000000000000142e+01 7.654629404268899640e-05
4.765000000000000568e+01 7.602121996253787190e-05
4.770000000000000284e+01 7.550009678640752096e-05
4.775000000000000000e+01 7.498289216237188741e-05
4.780000000000000426e+01 7.446957402487211779e-05
4.785000000000000142e+01 7.396011059199173094e-05
4.790000000000000568e+01 7.345447036275959732e-05
4.795000000000000284e+01 7.295262211448121602e-05
4.800000000000000000e+01 7.245453490009601261e-05
4.805000000000000426e+01 7.196017804556228417e-05
4.810000000000000142e+01 7.146952114726834134e-05
4.815000000000000568e+01 7.098253406946975256e-05
4.820000000000000284e+01 7.049918694175302922e-05
4.825000000000000000e+01 7.001945015652468124e-05
4.830000000000000426e+01 6.954329436652514147e-05
4.835000000000000142e+01 6.907069048236975451e-05
4.840000000000000568e+01 6.860160967011170704e-05
4.845000000000000284e+01 6.813602334883263247e-05
4.850000000000000000e+01 6.767390318825472343e-05
4.855000000000000426e+01 6.721522110637910899e-05
4.860000000000000142e+01 6.675994926714724418e-05
4.865000000000000568e+01 6.630806007812520319e-05
4.870000000000000284e+01 6.585952618821267889e-05
4.875000000000000000e+01 6.541432048537342242e-05
4.880000000000000426e+01 6.497241609438990113e-05
4.885000000000000142e+01 6.453378637464008782e-05
4.890000000000000568e+01 6.409840491789566301e-05
4.895000000000000284e+01 6.366624554614398821e-05
4.900000000000000000e+01 6.323728230943042173e-05
4.905000000000000426e+01 6.281148948372286046e-05
4.910000000000000142e+01 6.238884156879835878e-05
4.915000000000000568e+01 6.196931328614889726e-05
4.920000000000000284e+01 6.155287957691104434e-05
4.925000000000000000e+01 6.113951559981315505e-05
4.930000000000000426e+01 6.072919672914508729e-05
4.935000000000000142e+01 6.032189855274865337e-05
4.940000000000000568e+01 5.991759687002541212e-05
4.945000000000000284e+01 5.951626768996762218e-05
4.950000000000000000e+01 5.911788722920595986e-05
4.955000000000000426e+01 5.872243191007885316e-05
4.960000000000000142e+01 5.832987835872000340e-05
4.965000000000000568e+01 5.794020340316465668e-05
4.970000000000000284e+01 5.755338407147536395e-05
4.975000000000000000e+01 5.716939758988600983e-05
4.980000000000000426e+01 5.678822138096429998e-05
4.985000000000000142e+01 5.640983306179259864e-05
4.990000000000000568e+01 5.603421044216663511e-05
4.995000000000000284e+01 5.566133152281186241e-05
5.000000000000000000e+01 5.529117449361809839e-05
5.005000000000000426e+01 5.492371773189101924e-05
5.010000000000000142e+01 5.455893980062132567e-05
5.015000000000000568e+01 5.419681944677038206e-05
5.020000000000000284e+01 5.383733559957393471e-05
5.025000000000000000e+01 5.348046736886138172e-05
5.030000000000000426e+01 5.312619404339207141e-05
5.035000000000000142e+01 5.277449508920837901e-05
5.040000000000000568e+01 5.242535014800417880e-05
5.045000000000000284e+01 5.207873903551054847e-05
5.050000000000000000e+01 5.173464173989556798e-05
5.055000000000000426e+01 5.139303842018198073e-05
5.060000000000000142e+01 5.105390940467856981e-05
5.065000000000000568e+01 5.071723518942827173e-05
5.070000000000000284e+01 5.038299643667018139e-05
5.075000000000000000e+01 5.005117397331819282e-05
5.080000000000000426e+01 4.972174878945319245e-05
5.085000000000000142e+01 4.939470203683074968e-05
5.090000000000000568e+01 4.907001502740294274e-05
5.095000000000000284e+01 4.874766923185545149e-05
5.100000000000000000e+01 4.842764627815790456e-05
5.105000000000000426e+01 4.810992795012872773e-05
5.110000000000000142e+01 4.779449618601484584e-05
5.115000000000000568e+01 4.748133307708379884e-05
5.120000000000000284e+01 4.717042086623065043e-05
5.125000000000000000e+01 4.686174194659832723e-05
5.130000000000000426e+01 4.655527886021041273e-05
5.135000000000000142e+01 4.625101429661898460e-05
5.140000000000000568e+01 4.594893109156376144e-05
5.145000000000000284e+01 4.564901222564600843e-05
5.150000000000000000e+01 4.535124082301333226e-05
5.155000000000000426e+01 4.505560015005939748e-05
5.160000000000000142e+01 4.476207361413452556e-05
5.165000000000000568e+01 4.447064476226992089e-05
5.170000000000000284e+01 4.418129727991340980e-05
5.175000000000000000e+01 4.389401498967787819e-05
5.180000000000000426e+01 4.360878185010197427e-05
5.185000000000000142e+01 4.332558195442227667e-05
5.190000000000000568e+01 4.304439952935765987e-05
5.195000000000000284e+01 4.276521893390546389e-05
5.200000000000000000e+01 4.248802465814889898e-05
5.205000000000000426e+01 4.221280132207638335e-05
5.210000000000000142e+01 4.193953367441208204e-05
5.215000000000000568e+01 4.166820659145742335e-05
5.220000000000000284e+01 4.139880507594443987e-05
5.225000000000000000e+01 4.113131425589930769e-05
5.230000000000000426e+01 4.086571938351735123e-05
5.235000000000000142e+01 4.060200583404907285e-05
5.240000000000000568e+01 4.034015910469585908e-05
5.245000000000000284e+01 4.008016481351766051e-05
5.250000000000000000e+01 3.982200869834984669e-05
5.255000000000000426e+01 3.956567661573133678e-05
5.260000000000000142e+01 3.931115453984256926e-05
5.265000000000000568e+01 3.905842856145388687e-05
5.270000000000000284e+01 3.880748488688359120e-05
5.275000000000000000e+01 3.855830983696641238e-05
5.280000000000000426e+01 3.831088984603132333e-05
5.285000000000000142e+01 3.806521146088987065e-05
5.290000000000000568e+01 3.782126133983324022e-05
5.295000000000000284e+01 3.757902625163956847e-05
5.300000000000000000e+01 3.733849307459023893e-05
5.305000000000000426e+01 3.709964879549605189e-05
5.310000000000000142e+01 3.686248050873237929e-05
5.315000000000000568e+01 3.662697541528296620e-05
5.320000000000000284e+01 3.639312082179424224e-05
5.325000000000000000e+01 3.616090413963692426e-05
5.330000000000000426e+01 3.593031288397758693e-05
5.335000000000000142e+01 3.570133467285907633e-05
5.340000000000000568e+01 3.547395722628878402e-05
5.345000000000000284e+01 3.524816836533669245e-05
5.350000000000000000e+01 3.502395601124080659e-05
5.355000000000000426e+01 3.480130818452199765e-05
5.360000000000000142e+01 3.458021300410685646e-05
5.365000000000000568e+01 3.436065868645854276e-05
5.370000000000000284e+01 3.414263354471637599e-05
5.375000000000000000e+01 3.392612598784315082e-05
5.380000000000000426e+01 3.371112451978061154e-05
5.385000000000000142e+01 3.349761773861315939e-05
5.390000000000000568e+01 3.328559433573875646e-05
5.395000000000000284e+01 3.307504309504856406e-05
5.400000000000000000e+01 3.286595289211332357e-05
5.405000000000000426e+01 3.265831269337816689e-05
5.410000000000000142e+01 3.245211155536469787e-05
5.415000000000000568e+01 3.224733862388030398e-05
5.420000000000000284e+01 3.204398313323555210e-05
5.425000000000000000e+01 3.184203440546804203e-05
5.430000000000000426e+01 3.164148184957450000e-05
5.435000000000000142e+01 3.144231496074919441e-05
5.440000000000000568e+01 3.124452331962994096e-05
5.445000000000000284e+01 3.104809659155141263e-05
5.450000000000000000e+01 3.085302452580461605e-05
5.455000000000000426e+01 3.065929695490411986e-05
5.460000000000000142e+01 3.046690379386176808e-05
5.465000000000000568e+01 3.027583503946692568e-05
5.470000000000000284e+01 3.008608076957409674e-05
5.475000000000000000e+01 2.989763114239644821e-05
5.480000000000000426e+01 2.971047639580640120e-05
5.485000000000000142e+01 2.952460684664274791e-05
5.490000000000000568e+01 2.934001289002371126e-05
5.495000000000000284e+01 2.915668499866695362e-05
5.500000000000000000e+01 2.897461372221584006e-05
5.505000000000000426e+01 2.879378968657145458e-05
5.510000000000000142e+01 2.861420359323150109e-05
5.515000000000000568e+01 2.843584621863474052e-05
5.520000000000000284e+01 2.825870841351208572e-05
5.525000000000000000e+01 2.808278110224310707e-05
5.530000000000000426e+01 2.790805528221891807e-05
5.535000000000000142e+01 2.773452202321091556e-05
5.540000000000000568e+01 2.756217246674504595e-05
5.545000000000000284e+01 2.739099782548243443e-05
5.550000000000000000e+01 2.722098938260489307e-05
5.555000000000000426e+01 2.705213849120702895e-05
5.560000000000000142e+01 2.688443657369336004e-05
5.565000000000000568e+01 2.671787512118115016e-05
5.570000000000000284e+01 2.655244569290864467e-05
5.575000000000000000e+01 2.638813991564909647e-05
5.580000000000000426e+01 2.622494948312980979e-05
5.585000000000000142e+01 2.606286615545665250e-05
5.590000000000000568e+01 2.590188175854388433e-05
5.595000000000000284e+01 2.574198818354935528e-05
5.600000000000000000e+01 2.558317738631453556e-05
5.605000000000000426e+01 2.542544138680996986e-05
5.610000000000000142e+01 2.526877226858594266e-05
5.615000000000000568e+01 2.511316217822759541e-05
5.620000000000000284e+01 2.495860332481584094e-05
5.625000000000000000e+01 2.480508797939239777e-05
5.630000000000000426e+01 2.465260847443048259e-05
5.635000000000000142e+01 2.450115720330974133e-05
5.640000000000000568e+01 2.435072661979620817e-05
5.645000000000000284e+01 2.420130923752719776e-05
5.650000000000000000e+01 2.405289762950047652e-05
5.655000000000000426e+01 2.390548442756849253e-05
5.660000000000000142e+01 2.375906232193708789e-05
5.665000000000000568e+01 2.361362406066858173e-05
5.670000000000000284e+01 2.346916244918975926e-05
5.675000000000000000e+01 2.332567034980395374e-05
5.680000000000000426e+01 2.318314068120763455e-05
5.685000000000000142e+01 2.304156641801195557e-05
5.690000000000000568e+01 2.290094059026768152e-05
5.695000000000000284e+01 2.276125628299509483e-05
5.700000000000000000e+01 2.262250663571812752e-05
5.705000000000000426e+01 2.248468484200239617e-05
5.710000000000000142e+01 2.234778414899786519e-05
5.715000000000000568e+01 2.221179785698504039e-05
5.720000000000000284e+01 2.207671931892606524e-05
5.725000000000000000e+01 2.194254194001908330e-05
5.730000000000000426e+01 2.180925917725713397e-05
5.735000000000000142e+01 2.167686453899102922e-05
5.740000000000000568e+01 2.154535158449584221e-05
5.745000000000000284e+01 2.141471392354150555e-05
5.750000000000000000e+01 2.128494521596748561e-05
5.755000000000000426e+01 2.115603917126080766e-05
5.760000000000000142e+01 2.102798954813852957e-05
5.765000000000000568e+01 2.090079015413314969e-05
5.770000000000000284e+01 2.077443484518264294e-05
5.775000000000000000e+01 2.064891752522345802e-05
5.780000000000000426e+01 2.052423214578751615e-05
5.785000000000000142e+01 2.040037270560290274e-05
5.790000000000000568e+01 2.027733325019784227e-05
5.795000000000000284e+01 2.015510787150852874e-05
5.800000000000000000e+01 2.003369070749020210e-05
5.805000000000000426e+01 1.991307594173203282e-05
5.810000000000000142e+01 1.979325780307504565e-05
5.815000000000000568e+01 1.967423056523387537e-05
5.820000000000000284e+01 1.955598854642167693e-05
5.825000000000000000e+01 1.943852610897837276e-05
5.830000000000000426e+01 1.932183765900225453e-05
5.835000000000000142e+01 1.920591764598502367e-05
5.840000000000000568e+01 1.909076056244980680e-05
5.845000000000000284e+01 1.897636094359281337e-05
5.850000000000000000e+01 1.886271336692757841e-05
5.855000000000000426e+01 1.874981245193291530e-05
5.860000000000000142e+01 1.863765285970394841e-05
5.865000000000000568e+01 1.852622929260583240e-05
5.870000000000000284e+01 1.841553649393108005e-05
5.875000000000000000e+01 1.830556924755946489e-05
5.880000000000000426e+01 1.819632237762134941e-05
5.885000000000000142e+01 1.808779074816380830e-05
5.890000000000000568e+01 1.797996926281963853e-05
5.895000000000000284e+01 1.787285286447942205e-05
5.900000000000000000e+01 1.776643653496649215e-05
5.905000000000000426e+01 1.766071529471471873e-05
5.910000000000000142e+01 1.755568420244932258e-05
5.915000000000000568e+01 1.745133835487009861e-05
5.920000000000000284e+01 1.734767288633792893e-05
5.925000000000000000e+01 1.724468296856379983e-05
5.930000000000000426e+01 1.714236381030055968e-05
5.935000000000000142e+01 1.704071065703753984e-05
5.940000000000000568e+01 1.693971879069763197e-05
5.945000000000000284e+01 1.683938352933741128e-05
5.950000000000000000e+01 1.673970022684944167e-05
5.955000000000000426e+01 1.664066427266755913e-05
5.960000000000000142e+01 1.654227109147463518e-05
5.965000000000000568e+01 1.644451614291282725e-05
5.970000000000000284e+01 1.634739492129652259e-05
5.975000000000000000e+01 1.625090295532770471e-05
5.980000000000000426e+01 1.615503580781380331e-05
5.985000000000000142e+01 1.605978907538808194e-05
5.990000000000000568e+01 1.596515838823253625e-05
5.995000000000000284e+01 1.587113940980299114e-05
6.000000000000000000e+01 1.577772783655696600e-05
6.005000000000000426e+01 1.568491939768343395e-05
6.010000000000000142e+01 1.559270985483548807e-05
6.015000000000000568e+01 1.550109500186492534e-05
6.020000000000000284e+01 1.541007066455939194e-05
6.025000000000000000e+01 1.531963270038170382e-05
6.030000000000000426e+01 1.522977699821137290e-05
6.035000000000000142e+01 1.514049947808876073e-05
6.040000000000000568e+01 1.505179609096088735e-05
6.045000000000000284e+01 1.496366281843005217e-05
6.050000000000000000e+01 1.487609567250406776e-05
6.055000000000000426e+01 1.478909069534919379e-05
6.060000000000000142e+01 1.470264395904491092e-05
6.065000000000000568e+01 1.461675156534078161e-05
6.070000000000000284e+01 1.453140964541579625e-05
6.075000000000000000e+01 1.444661435963923373e-05
6.080000000000000426e+01 1.436236189733416813e-05
6.085000000000000142e+01 1.427864847654270846e-05
6.090000000000000568e+01 1.419547034379328825e-05
6.095000000000000284e+01 1.411282377387010650e-05
6.100000000000000000e+01 1.403070506958434585e-05
6.105000000000000426e+01 1.394911056154771657e-05
6.110000000000000142e+01 1.386803660794759985e-05
6.115000000000000568e+01 1.378747959432433570e-05
6.120000000000000284e+01 1.370743593335036422e-05
6.125000000000000000e+01 1.362790206461133530e-05
6.130000000000000426e+01 1.354887445438899890e-05
6.135000000000000142e+01 1.347034959544622123e-05
6.140000000000000568e+01 1.339232400681337665e-05
6.145000000000000284e+01 1.331479423357711629e-05
6.150000000000000000e+01 1.323775684667066297e-05
6.155000000000000426e+01 1.316120844266590025e-05
6.160000000000000142e+01 1.308514564356732823e-05
6.165000000000000568e+01 1.300956509660781342e-05
6.170000000000000284e+01 1.293446347404608860e-05
6.175000000000000000e+01 1.285983747296581627e-05
6.180000000000000426e+01 1.278568381507663243e-05
6.185000000000000142e+01 1.271199924651679304e-05
6.190000000000000568e+01 1.263878053765740263e-05
6.195000000000000284e+01 1.256602448290856579e-05
6.200000000000000000e+01 1.249372790052689209e-05
6.205000000000000426e+01 1.242188763242487136e-05
6.210000000000000142e+01 1.235050054398190232e-05
6.215000000000000568e+01 1.227956352385671374e-05
6.220000000000000284e+01 1.220907348380161353e-05
6.225000000000000000e+01 1.213902735847822006e-05
6.230000000000000426e+01 1.206942210527470300e-05
6.235000000000000142e+01 1.200025470412481467e-05
6.240000000000000568e+01 1.193152215732812938e-05
6.245000000000000284e+01 1.186322148937224271e-05
6.250000000000000000e+01 1.179534974675590935e-05
6.255000000000000426e+01 1.172790399781426630e-05
6.260000000000000142e+01 1.166088133254527753e-05
6.265000000000000568e+01 1.159427886243751187e-05
6.270000000000000284e+01 1.152809372029965727e-05
6.275000000000000000e+01 1.146232306009135646e-05
6.280000000000000426e+01 1.139696405675545720e-05
6.285000000000000142e+01 1.133201390605175660e-05
6.290000000000000568e+01 1.126746982439202964e-05
6.295000000000000284e+01 1.120332904867664494e-05
6.300000000000000000e+01 1.113958883613239865e-05
6.305000000000000426e+01 1.107624646415173063e-05
6.310000000000000142e+01 1.101329923013350429e-05
6.315000000000000568e+01 1.095074445132479439e-05
6.320000000000000284e+01 1.088857946466434347e-05
6.325000000000000000e+01 1.082680162662708561e-05
6.330000000000000426e+01 1.076540831307014901e-05
6.335000000000000142e+01 1.070439691908011735e-05
6.340000000000000568e+01 1.064376485882143969e-05
6.345000000000000284e+01 1.058350956538640399e-05
6.350000000000000000e+01 1.052362849064611010e-05
6.355000000000000426e+01 1.046411910510275066e-05
6.360000000000000142e+01 1.040497889774328444e-05
6.365000000000000568e+01 1.034620537589415493e-05
6.370000000000000284e+01 1.028779606507736080e-05
6.375000000000000000e+01 1.022974850886762417e-05
6.380000000000000426e+01 1.017206026875089032e-05
6.385000000000000142e+01 1.011472892398381173e-05
6.390000000000000568e+01 1.005775207145469911e-05
6.395000000000000284e+01 1.000112732554538055e-05
6.400000000000000000e+01 9.944852317994319269e-06
6.404999999999999716e+01 9.888924697760886735e-06
6.410000000000000853e+01 9.833342130890694620e-06
6.415000000000000568e+01 9.778102300382317540e-06
6.420000000000000284e+01 9.723202906054617201e-06
6.425000000000000000e+01 9.668641664415745371e-06
6.429999999999999716e+01 9.614416308532805835e-06
6.435000000000000853e+01 9.560524587902893631e-06
6.440000000000000568e+01 9.506964268325037215e-06
6.445000000000000284e+01 9.453733131773268890e-06
6.450000000000000000e+01 9.400828976270742148e-06
6.454999999999999716e+01 9.348249615764868853e-06
6.460000000000000853e+01 9.295992880003603305e-06
6.465000000000000568e+01 9.244056614412661421e-06
6.470000000000000284e+01 9.192438679973693685e-06
6.475000000000000000e+01 9.141136953103642243e-06
6.479999999999999716e+01 9.090149325534978915e-06
6.485000000000000853e+01 9.039473704196979975e-06
6.490000000000000568e+01 8.989108011097949607e-06
6.495000000000000284e+01 8.939050183208483520e-06
6.500000000000000000e+01 8.889298172345613474e-06
6.504999999999999716e+01 8.839849945058017377e-06
6.510000000000000853e+01 8.790703482512040833e-06
6.515000000000000568e+01 8.741856780378857113e-06
6.520000000000000284e+01 8.693307848722292883e-06
6.525000000000000000e+01 8.645054711887858420e-06
6.529999999999999716e+01 8.597095408392485945e-06
6.535000000000000853e+01 8.549427990815311497e-06
6.540000000000000568e+01 8.502050525689300463e-06
6.545000000000000284e+01 8.454961093393694715e-06
6.550000000000000000e+01 8.408157788047533797e-06
6.554999999999999716e+01 8.361638717403885917e-06
6.560000000000000853e+01 8.315402002744954780e-06
6.565000000000000568e+01 8.269445778778206240e-06
6.570000000000000284e+01 8.223768193533145476e-06
6.575000000000000000e+01 8.178367408259105530e-06
6.579999999999999716e+01 8.133241597323769370e-06
6.585000000000000853e+01 8.088388948112523738e-06
6.590000000000000568e+01 8.043807660928822671e-06
6.595000000000000284e+01 7.999495948895071087e-06
6.600000000000000000e+01 7.955452037854504493e-06
6.604999999999999716e+01 7.911674166273932661e-06
6.610000000000000853e+01 7.868160585147032180e-06
6.615000000000000568e+01 7.824909557898811305e-06
6.620000000000000284e+01 7.781919360290374659e-06
6.625000000000000000e+01 7.739188280324846663e-06
6.629999999999999716e+01 7.696714618153987857e-06
6.635000000000000853e+01 7.654496685985448173e-06
6.640000000000000568e+01 7.612532807990896900e-06
6.645000000000000284e+01 7.570821320214766736e-06
6.650000000000000000e+01 7.529360570483977024e-06
6.654999999999999716e+01 7.488148918318104210e-06
6.660000000000000853e+01 7.447184734840536554e-06
6.665000000000000568e+01 7.406466402690258198e-06
6.670000000000000284e+01 7.365992315934145671e-06
6.675000000000000000e+01 7.325760879980419765e-06
6.679999999999999716e+01 7.285770511492374375e-06
6.685000000000000853e+01 7.246019638303037935e-06
6.690000000000000568e+01 7.206506699330514167e-06
6.695000000000000284e+01 7.167230144493839521e-06
6.700000000000000000e+01 7.128188434629784213e-06
6.704999999999999716e+01 7.089380041410107268e-06
6.710000000000000853e+01 7.050803447259603544e-06
6.715000000000000568e+01 7.012457145274750450e-06
6.720000000000000284e+01 6.974339639143068717e-06
6.725000000000000000e+01 6.936449443063043903e-06
6.729999999999999716e+01 6.898785081664873754e-06
6.735000000000000853e+01 6.861345089931577251e-06
6.740000000000000568e+01 6.824128013121049790e-06
6.745000000000000284e+01 6.787132406688511387e-06
6.750000000000000000e+01 6.750356836209685872e-06
6.754999999999999716e+01 6.713799877304608582e-06
6.760000000000000853e+01 6.677460115561979539e-06
6.765000000000000568e+01 6.641336146464186641e-06
6.770000000000000284e+01 6.605426575312935315e-06
6.775000000000000000e+01 6.569730017155392332e-06
6.779999999999999716e+01 6.534245096711059755e-06
6.785000000000000853e+01 6.498970448299069868e-06
6.790000000000000568e+01 6.463904715766269536e-06
6.795000000000000284e+01 6.429046552415665404e-06
6.800000000000000000e+01 6.394394620935587380e-06
6.804999999999999716e+01 6.359947593329384895e-06
6.810000000000000853e+01 6.325704150845648337e-06
6.815000000000000568e+01 6.291662983909058120e-06
6.820000000000000284e+01 6.257822792051750456e-06
6.825000000000000000e+01 6.224182283845147296e-06
6.829999999999999716e+01 6.190740176832540130e-06
6.835000000000000853e+01 6.157495197461992272e-06
6.840000000000000568e+01 6.124446081019959429e-06
6.845000000000000284e+01 6.091591571565227907e-06
6.850000000000000000e+01 6.058930421863618538e-06
6.854999999999999716e+01 6.026461393323071764e-06
6.860000000000000853e+01 5.994183255929224008e-06
6.865000000000000568e+01 5.962094788181648119e-06
6.870000000000000284e+01 5.930194777030397891e-06
6.875000000000000000e+01 5.898482017813214977e-06
6.879999999999999716e+01 5.866955314193188955e-06
6.885000000000000853e+01 5.835613478096917991e-06
6.890000000000000568e+01 5.804455329653097263e-06
6.895000000000000284e+01 5.773479697131706225e-06
6.900000000000000000e+01 5.742685416883586358e-06
6.904999999999999716e+01 5.712071333280534771e-06
6.910000000000000853e+01 5.681636298655914479e-06
6.915000000000000568e+01 5.651379173245617906e-06
6.920000000000000284e+01 5.621298825129644477e-06
6.925000000000000000e+01 5.591394130173997550e-06
6.929999999999999716e+01 5.561663971973195440e-06
6.935000000000000853e+01 5.532107241793066203e-06
6.940000000000000568e+01 5.502722838514149741e-06
6.945000000000000284e+01 5.473509668575463287e-06
6.950000000000000000e+01 5.444466645918678541e-06
6.954999999999999716e+01 5.415592691932870562e-06
6.960000000000000853e+01 5.386886735399524999e-06
6.965000000000000568e+01 5.358347712438197540e-06
6.970000000000000284e+01 5.329974566452355472e-06
6.975000000000000000e+01 5.301766248075845198e-06
6.979999999999999716e+01 5.273721715119646903e-06
6.985000000000000853e+01 5.245839932519161144e-06
6.990000000000000568e+01 5.218119872281838508e-06
6.995000000000000284e+01 5.190560513435223449e-06
7.000000000000000000e+01 5.163160841975419113e-06
7.004999999999999716e+01 5.135919850815962124e-06
7.010000000000000853e+01 5.108836539737107332e-06
7.015000000000000568e+01 5.081909915335509822e-06
7.020000000000000284e+01 5.055138990974217780e-06
7.025000000000000000e+01 5.028522786733198151e-06
7.029999999999999716e+01 5.002060329360167218e-06
7.035000000000000853e+01 4.975750652221789647e-06
7.040000000000000568e+01 4.949592795255359496e-06
7.045000000000000284e+01 4.923585804920675187e-06
7.050000000000000000e+01 4.897728734152487924e-06
7.054999999999999716e+01 4.872020642313233022e-06
7.060000000000000853e+01 4.846460595146079715e-06
7.065000000000000568e+01 4.821047664728495118e-06
7.070000000000000284e+01 4.795780929425965731e-06
7.075000000000000000e+01 4.770659473846284771e-06
7.079999999999999716e+01 4.745682388794035157e-06
7.085000000000000853e+01 4.720848771225550229e-06
7.090000000000000568e+01 4.696157724204144669e-06
7.095000000000000284e+01 4.671608356855682543e-06
7.100000000000000000e+01 4.647199784324595956e-06
7.104999999999999716e+01 4.622931127730136653e-06
7.110000000000000853e+01 4.598801514122981672e-06
7.115000000000000568e+01 4.574810076442262516e-06
7.120000000000000284e+01 4.550955953472824716e-06
7.125000000000000000e+01 4.527238289802874492e-06
7.129999999999999716e+01 4.503656235781915096e-06
7.135000000000000853e+01 4.480208947479071941e-06
7.140000000000000568e+01 4.456895586641693872e-06
7.145000000000000284e+01 4.433715320654245803e-06
7.150000000000000000e+01 4.410667322497626577e-06
7.154999999999999716e+01 4.387750770708662154e-06
7.160000000000000853e+01 4.364964849339995212e-06
7.165000000000000568e+01 4.342308747920338128e-06
7.170000000000000284e+01 4.319781661414870798e-06
7.175000000000000000e+01 4.297382790186105176e-06
7.179999999999999716e+01 4.275111339954939542e-06
7.185000000000000853e+01 4.252966521762100720e-06
7.190000000000000568e+01 4.230947551929837857e-06
7.195000000000000284e+01 4.209053652023867773e-06
7.200000000000000000e+01 4.187284048815720963e-06
7.204999999999999716e+01 4.165637974245265464e-06
7.210000000000000853e+01 4.144114665383603431e-06
7.215000000000000568e+01 4.122713364396222660e-06
7.220000000000000284e+01 4.101433318506413231e-06
7.225000000000000000e+01 4.080273779958965378e-06
7.229999999999999716e+01 4.059234005984188369e-06
7.235000000000000853e+01 4.038313258762183507e-06
7.240000000000000568e+01 4.017510805387350061e-06
7.245000000000000284e+01 3.996825917833226623e-06
7.250000000000000000e+01 3.976257872917561160e-06
7.254999999999999716e+01 3.955805952267665677e-06
7.260000000000000853e+01 3.935469442286034300e-06
7.265000000000000568e+01 3.915247634116215471e-06
7.270000000000000284e+01 3.895139823608957738e-06
7.275000000000000000e+01 3.875145311288585084e-06
7.279999999999999716e+01 3.855263402319679736e-06
7.285000000000000853e+01 3.835493406473983507e-06
7.290000000000000568e+01 3.815834638097547312e-06
7.295000000000000284e+01 3.796286416078149203e-06
7.300000000000000000e+01 3.776848063812945757e-06
7.304999999999999716e+01 3.757518909176402558e-06
7.310000000000000853e+01 3.738298284488422047e-06
7.315000000000000568e+01 3.719185526482737328e-06
7.320000000000000284e+01 3.700179976275544003e-06
7.325000000000000000e+01 3.681280979334408976e-06
7.329999999999999716e+01 3.662487885447319448e-06
7.335000000000000853e+01 3.643800048692039808e-06
7.340000000000000568e+01 3.625216827405751424e-06
7.345000000000000284e+01 3.606737584154759788e-06
7.350000000000000000e+01 3.588361685704603990e-06
7.354999999999999716e+01 3.570088502990294945e-06
7.360000000000000853e+01 3.551917411086768768e-06
7.365000000000000568e+01 3.533847789179670064e-06
7.370000000000000284e+01 3.515879020536229242e-06
7.375000000000000000e+01 3.498010492476435444e-06
7.379999999999999716e+01 3.480241596344379304e-06
7.385000000000000853e+01 3.462571727479881150e-06
7.390000000000000568e+01 3.445000285190297095e-06
7.395000000000000284e+01 3.427526672722463609e-06
7.400000000000000000e+01 3.410150297234995307e-06
7.404999999999999716e+01 3.392870569770694969e-06
7.410000000000000853e+01 3.375686905229184210e-06
7.415000000000000568e+01 3.358598722339792072e-06
7.420000000000000284e+01 3.341605443634540607e-06
7.425000000000000000e+01 3.324706495421468839e-06
7.429999999999999716e+01 3.307901307758055416e-06
7.435000000000000853e+01 3.291189314424877575e-06
7.440000000000000568e+01 3.274569952899486532e-06
7.445000000000000284e+01 3.258042664330415428e-06
7.450000000000000000e+01 3.241606893511473572e-06
7.454999999999999716e+01 3.225262088856176635e-06
7.460000000000000853e+01 3.209007702372331003e-06
7.465000000000000568e+01 3.192843189636926447e-06
7.470000000000000284e+01 3.176768009771084282e-06
7.475000000000000000e+01 3.160781625415302824e-06
7.479999999999999716e+01 3.144883502704808312e-06
7.485000000000000853e+01 3.129073111245125203e-06
7.490000000000000568e+01 3.113349924087841292e-06
7.495000000000000284e+01 3.097713417706532916e-06
7.500000000000000000e+01 3.082163071972866768e-06
7.504999999999999716e+01 3.066698370132902455e-06
7.510000000000000853e+01 3.051318798783538209e-06
7.515000000000000568e+01 3.036023847849182323e-06
7.520000000000000284e+01 3.020813010558547418e-06
7.525000000000000000e+01 3.005685783421649261e-06
7.529999999999999716e+01 2.990641666206951701e-06
7.535000000000000853e+01 2.975680161918715734e-06
7.540000000000000568e+01 2.960800776774487062e-06
7.545000000000000284e+01 2.946003020182785673e-06
7.550000000000000000e+01 2.931286404720893241e-06
7.554999999999999716e+01 2.916650446112880254e-06
7.560000000000000853e+01 2.902094663207769919e-06
7.565000000000000568e+01 2.887618577957863018e-06
7.570000000000000284e+01 2.873221715397186848e-06
7.575000000000000000e+01 2.858903603620188952e-06
7.579999999999999716e+01 2.844663773760489723e-06
7.585000000000000853e+01 2.830501759969877258e-06
7.590000000000000568e+01 2.816417099397418252e-06
7.595000000000000284e+01 2.802409332168695106e-06
7.600000000000000000e+01 2.788478001365260294e-06
7.604999999999999716e+01 2.774622653004208471e-06
7.610000000000000853e+01 2.760842836017882833e-06
7.615000000000000568e+01 2.747138102233782223e-06
7.620000000000000284e+01 2.733508006354539818e-06
7.625000000000000000e+01 2.719952105938127542e-06
7.629999999999999716e+01 2.706469961378179914e-06
7.635000000000000853e+01 2.693061135884420389e-06
7.640000000000000568e+01 2.679725195463323596e-06
7.645000000000000284e+01 2.666461708898786466e-06
7.650000000000000000e+01 2.653270247733114464e-06
7.654999999999999716e+01 2.640150386247971818e-06
7.660000000000000853e+01 2.627101701445590512e-06
7.665000000000000568e+01 2.614123773030085591e-06
7.670000000000000284e+01 2.601216183388879304e-06
7.675000000000000000e+01 2.588378517574308628e-06
7.680000000000001137e+01 2.575610363285325973e-06
7.685000000000000853e+01 2.562911310849364199e-06
7.690000000000000568e+01 2.550280953204319388e-06
7.695000000000000284e+01 2.537718885880654723e-06
7.700000000000000000e+01 2.525224706983675483e-06
7.705000000000001137e+01 2.512798017175892964e-06
7.710000000000000853e+01 2.500438419659529444e-06
7.715000000000000568e+01 2.488145520159156965e-06
7.720000000000000284e+01 2.475918926904480125e-06
7.725000000000000000e+01 2.463758250613186617e-06
7.730000000000001137e+01 2.451663104473986675e-06
7.735000000000000853e+01 2.439633104129766002e-06
7.740000000000000568e+01 2.427667867660813255e-06
7.745000000000000284e+01 2.415767015568214381e-06
7.750000000000000000e+01 2.403930170757379527e-06
7.755000000000001137e+01 2.392156958521622454e-06
7.760000000000000853e+01 2.380447006525958917e-06
7.765000000000000568e+01 2.368799944790930876e-06
7.770000000000000284e+01 2.357215405676597995e-06
7.775000000000000000e+01 2.345693023866634603e-06
7.780000000000001137e+01 2.334232436352534643e-06
7.785000000000000853e+01 2.322833282417970786e-06
7.790000000000000568e+01 2.311495203623170909e-06
7.795000000000000284e+01 2.300217843789550377e-06
7.800000000000000000e+01 2.289000848984301123e-06
7.805000000000001137e+01 2.277843867505233573e-06
7.810000000000000853e+01 2.266746549865627035e-06
7.815000000000000568e+01 2.255708548779241877e-06
7.820000000000000284e+01 2.244729519145399888e-06
7.825000000000000000e+01 2.233809118034239129e-06
7.830000000000001137e+01 2.222947004671997580e-06
7.835000000000000853e+01 2.212142840426474670e-06
7.840000000000000568e+01 2.201396288792523294e-06
7.845000000000000284e+01 2.190707015377715899e-06
7.850000000000000000e+01 2.180074687888071979e-06
7.855000000000001137e+01 2.169498976113910085e-06
7.860000000000000853e+01 2.158979551915788345e-06
7.865000000000000568e+01 2.148516089210550022e-06
7.870000000000000284e+01 2.138108263957470716e-06
7.875000000000000000e+01 2.127755754144515672e-06
7.880000000000001137e+01 2.117458239774659780e-06
7.885000000000000853e+01 2.107215402852379937e-06
7.890000000000000568e+01 2.097026927370140641e-06
7.895000000000000284e+01 2.086892499295072696e-06
7.900000000000000000e+01 2.076811806555695978e-06
7.905000000000001137e+01 2.066784539028745528e-06
7.910000000000000853e+01 2.056810388526107765e-06
7.915000000000000568e+01 2.046889048781828690e-06
7.920000000000000284e+01 2.037020215439227980e-06
7.925000000000000000e+01 2.027203586038105398e-06
7.930000000000001137e+01 2.017438860002033606e-06
7.935000000000000853e+01 2.007725738625761939e-06
7.940000000000000568e+01 1.998063925062675233e-06
7.945000000000000284e+01 1.988453124312351338e-06
7.950000000000000000e+01 1.978893043208251607e-06
7.955000000000001137e+01 1.969383390405436805e-06
7.960000000000000853e+01 1.959923876368409643e-06
7.965000000000000568e+01 1.950514213359038628e-06
7.970000000000000284e+01 1.941154115424545870e-06
7.975000000000000000e+01 1.931843298385618967e-06
7.980000000000001137e+01 1.922581479824572882e-06
7.985000000000000853e+01 1.913368379073621069e-06
7.990000000000000568e+01 1.904203717203206541e-06
7.995000000000000284e+01 1.895087217010438385e-06
8.000000000000000000e+01 1.886018603007588209e-06
8.005000000000001137e+01 1.876997601410714489e-06
8.010000000000000853e+01 1.868023940128288400e-06
8.015000000000000568e+01 1.859097348749987780e-06
8.020000000000000284e+01 1.850217558535499142e-06
8.025000000000000000e+01 1.841384302403454369e-06
8.030000000000001137e+01 1.832597314920390907e-06
8.035000000000000853e+01 1.823856332289877554e-06
8.040000000000000568e+01 1.815161092341589224e-06
8.045000000000000284e+01 1.806511334520574184e-06
8.050000000000000000e+01 1.797906799876556458e-06
8.055000000000001137e+01 1.789347231053294551e-06
8.060000000000000853e+01 1.780832372278035250e-06
8.065000000000000568e+01 1.772361969351050441e-06
8.070000000000000284e+01 1.763935769635227709e-06
8.075000000000000000e+01 1.755553522045735264e-06
8.080000000000001137e+01 1.747214977039796984e-06
8.085000000000000853e+01 1.738919886606484609e-06
8.090000000000000568e+01 1.730668004256617086e-06
8.095000000000000284e+01 1.722459085012718354e-06
8.100000000000000000e+01 1.714292885399069372e-06
8.105000000000001137e+01 1.706169163431780251e-06
8.110000000000000853e+01 1.698087678608997500e-06
8.115000000000000568e+01 1.690048191901115285e-06
8.120000000000000284e+01 1.682050465741108033e-06
8.125000000000000000e+01 1.674094264014901149e-06
8.130000000000001137e+01 1.666179352051812674e-06
8.135000000000000853e+01 1.658305496615085149e-06
8.140000000000000568e+01 1.650472465892449454e-06
8.145000000000000284e+01 1.642680029486777806e-06
8.150000000000000000e+01 1.634927958406794343e-06
8.155000000000001137e+01 1.627216025057851571e-06
8.160000000000000853e+01 1.619544003232791518e-06
8.165000000000000568e+01 1.611911668102827631e-06
8.170000000000000284e+01 1.604318796208524724e-06
