# a, density. dx=0.05, size=838
0.000000000000000000e+00 0.000000000000000000e+00
5.000000000000000278e-02 0.000000000000000000e+00
1.000000000000000056e-01 0.000000000000000000e+00
1.500000000000000222e-01 0.000000000000000000e+00
2.000000000000000111e-01 0.000000000000000000e+00
2.500000000000000000e-01 0.000000000000000000e+00
3.000000000000000444e-01 0.000000000000000000e+00
3.500000000000000333e-01 0.000000000000000000e+00
4.000000000000000222e-01 0.000000000000000000e+00
4.500000000000000111e-01 0.000000000000000000e+00
5.000000000000000000e-01 0.000000000000000000e+00
5.500000000000000444e-01 0.000000000000000000e+00
6.000000000000000888e-01 0.000000000000000000e+00
6.500000000000000222e-01 0.000000000000000000e+00
7.000000000000000666e-01 0.000000000000000000e+00
7.500000000000000000e-01 0.000000000000000000e+00
8.000000000000000444e-01 0.000000000000000000e+00
8.500000000000000888e-01 0.000000000000000000e+00
9.000000000000000222e-01 0.000000000000000000e+00
9.500000000000000666e-01 0.000000000000000000e+00
1.000000000000000000e+00 0.000000000000000000e+00
1.050000000000000044e+00 0.000000000000000000e+00
1.100000000000000089e+00 0.000000000000000000e+00
1.150000000000000133e+00 0.000000000000000000e+00
1.200000000000000178e+00 0.000000000000000000e+00
1.250000000000000000e+00 0.000000000000000000e+00
1.300000000000000044e+00 0.000000000000000000e+00
1.350000000000000089e+00 1.061159164214768650e-55
1.400000000000000133e+00 1.335335190772157095e-27
1.450000000000000178e+00 9.335010983890943900e-04
1.500000000000000000e+00 9.335010983890943900e-04
1.550000000000000044e+00 9.335010983890943900e-04
1.600000000000000089e+00 9.335010983890943900e-04
1.650000000000000133e+00 9.335010983890943900e-04
1.700000000000000178e+00 9.335010983890943900e-04
1.750000000000000000e+00 9.335010983890943900e-04
1.800000000000000044e+00 9.335010983890943900e-04
1.850000000000000089e+00 9.335010983890943900e-04
1.900000000000000133e+00 9.335010983890943900e-04
1.950000000000000178e+00 9.335010983890943900e-04
2.000000000000000000e+00 1.459115129906513909e-03
2.050000000000000266e+00 2.514434417577551817e-03
2.100000000000000089e+00 4.017378276672024968e-03
2.149999999999999911e+00 6.033078390250522748e-03
2.200000000000000178e+00 8.606686182362537074e-03
2.250000000000000000e+00 1.176139560057931632e-02
2.300000000000000266e+00 1.549879833150700527e-02
2.350000000000000089e+00 1.980091798411806256e-02
2.400000000000000355e+00 2.463326637127544530e-02
2.450000000000000178e+00 2.994836573836804142e-02
2.500000000000000000e+00 3.568931945155376373e-02
2.550000000000000266e+00 4.179315049406204935e-02
2.600000000000000089e+00 4.819374277721413802e-02
2.650000000000000355e+00 5.482430854007672855e-02
2.700000000000000178e+00 6.161936699987864002e-02
2.750000000000000000e+00 6.851625917568282542e-02
2.800000000000000266e+00 7.545624658055549716e-02
2.850000000000000089e+00 8.238525208537107736e-02
2.900000000000000355e+00 8.925430370514038370e-02
2.950000000000000178e+00 9.601973942317106048e-02
3.000000000000000000e+00 1.026432256777471963e-01
3.050000000000000266e+00 1.090916353217128015e-01
3.100000000000000089e+00 1.153368237243586059e-01
3.150000000000000355e+00 1.213553348249785252e-01
3.200000000000000178e+00 1.271280627044693856e-01
3.250000000000000000e+00 1.326398887700300788e-01
3.300000000000000266e+00 1.378793099872759886e-01
3.350000000000000089e+00 1.428380697134822297e-01
3.400000000000000355e+00 1.475107995168534192e-01
3.450000000000000178e+00 1.518946778240755635e-01
3.500000000000000000e+00 1.559891092320244144e-01
3.550000000000000266e+00 1.597954267628145797e-01
3.600000000000000089e+00 1.633166181553197815e-01
3.650000000000000355e+00 1.665570764011728433e-01
3.700000000000000178e+00 1.695223740891988184e-01
3.750000000000000000e+00 1.722190606688054348e-01
3.800000000000000266e+00 1.746544814382504363e-01
3.850000000000000089e+00 1.768366168737309230e-01
3.900000000000000355e+00 1.787739408122544782e-01
3.950000000000000178e+00 1.804752959631388542e-01
4.000000000000000000e+00 1.819497852322468079e-01
4.049999999999999822e+00 1.832066773859683251e-01
4.100000000000000533e+00 1.842553256478642043e-01
4.150000000000000355e+00 1.851050979016191089e-01
4.200000000000000178e+00 1.857653172633238481e-01
4.250000000000000000e+00 1.862452118795051570e-01
4.299999999999999822e+00 1.865538729013499486e-01
4.350000000000000533e+00 1.867002196778188849e-01
4.400000000000000355e+00 1.866929712991159396e-01
4.450000000000000178e+00 1.865406237061864314e-01
4.500000000000000000e+00 1.862514316608503973e-01
4.549999999999999822e+00 1.858333949445121480e-01
4.600000000000000533e+00 1.852942482209768982e-01
4.650000000000000355e+00 1.846414540608210808e-01
4.700000000000000178e+00 1.838821986811629838e-01
4.750000000000000000e+00 1.830233900058260699e-01
4.800000000000000711e+00 1.820716576970779488e-01
4.850000000000000533e+00 1.810333548516947777e-01
4.900000000000000355e+00 1.799145610913962523e-01
4.950000000000000178e+00 1.787210868110557516e-01
5.000000000000000000e+00 1.774584783778623553e-01
5.050000000000000711e+00 1.761320241011143650e-01
5.100000000000000533e+00 1.747467608158683183e-01
5.150000000000000355e+00 1.733074809445382947e-01
5.200000000000000178e+00 1.718187399190125586e-01
5.250000000000000000e+00 1.702848638621638488e-01
5.300000000000000711e+00 1.687099574420115045e-01
5.350000000000000533e+00 1.670979118244503847e-01
5.400000000000000355e+00 1.654524126615792845e-01
5.450000000000000178e+00 1.637769480624108320e-01
5.500000000000000000e+00 1.620748165012816655e-01
5.550000000000000711e+00 1.603491346267337525e-01
5.600000000000000533e+00 1.586028449401426788e-01
5.650000000000000355e+00 1.568387233190202124e-01
5.700000000000000178e+00 1.550593863648306592e-01
5.750000000000000000e+00 1.532672985594110693e-01
5.800000000000000711e+00 1.514647792177541696e-01
5.850000000000000533e+00 1.496540092280752576e-01
5.900000000000000355e+00 1.478370375727945663e-01
5.950000000000000178e+00 1.460157876263839527e-01
6.000000000000000000e+00 1.441920632280011549e-01
6.050000000000000711e+00 1.423675545285018051e-01
6.100000000000000533e+00 1.405438436128298441e-01
6.150000000000000355e+00 1.387224098999591815e-01
6.200000000000000178e+00 1.369046353235361946e-01
6.250000000000000000e+00 1.350918092971752638e-01
6.300000000000000711e+00 1.332851334690034195e-01
6.350000000000000533e+00 1.314857262705748930e-01
6.400000000000000355e+00 1.296946272656752386e-01
6.450000000000000178e+00 1.279128013048460022e-01
6.500000000000000000e+00 1.261411424916819290e-01
6.550000000000000711e+00 1.243804779671048577e-01
6.600000000000000533e+00 1.226315715179100985e-01
6.650000000000000355e+00 1.208951270159169950e-01
6.700000000000000178e+00 1.191717916940527172e-01
6.750000000000000000e+00 1.174621592656552166e-01
6.800000000000000711e+00 1.157667728932070261e-01
6.850000000000000533e+00 1.140861280126167915e-01
6.900000000000000355e+00 1.124206750190432508e-01
6.950000000000000178e+00 1.107708218201227113e-01
7.000000000000000000e+00 1.091369362623139244e-01
7.050000000000000711e+00 1.075193484359111412e-01
7.100000000000000533e+00 1.059183528641156335e-01
7.150000000000000355e+00 1.043342105813787751e-01
7.200000000000000178e+00 1.027671511060583576e-01
7.250000000000000000e+00 1.012173743122512931e-01
7.300000000000000711e+00 9.968505220548726231e-02
7.350000000000000533e+00 9.817033060679333789e-02
7.400000000000000355e+00 9.667333074946105054e-02
7.450000000000000178e+00 9.519415079267695701e-02
7.500000000000000000e+00 9.373286725600585290e-02
7.550000000000000711e+00 9.228953637855009939e-02
7.600000000000000533e+00 9.086419540644580239e-02
7.650000000000000355e+00 8.945686381219783434e-02
7.700000000000000178e+00 8.806754444920239511e-02
7.750000000000000000e+00 8.669622464465726042e-02
7.800000000000000711e+00 8.534287723391406622e-02
7.850000000000000533e+00 8.400746153919018411e-02
7.900000000000000355e+00 8.268992429542121325e-02
7.950000000000000178e+00 8.139020052590741072e-02
8.000000000000000000e+00 8.010821437028281533e-02
8.050000000000000711e+00 7.884387986721569375e-02
8.099999999999999645e+00 7.759710169413595870e-02
8.150000000000000355e+00 7.636777586617279900e-02
8.200000000000001066e+00 7.515579039638441150e-02
8.250000000000000000e+00 7.396102591925658720e-02
8.300000000000000711e+00 7.278335627935456076e-02
8.349999999999999645e+00 7.162264908691787224e-02
8.400000000000000355e+00 7.047876624210121232e-02
8.450000000000001066e+00 6.935156442948064992e-02
8.500000000000000000e+00 6.824089558436298442e-02
8.550000000000000711e+00 6.714660733236135770e-02
8.599999999999999645e+00 6.606854340362691702e-02
8.650000000000000355e+00 6.500654402305540425e-02
8.700000000000001066e+00 6.396044627772486113e-02
8.750000000000000000e+00 6.293008446275315249e-02
8.800000000000000711e+00 6.191529040670852579e-02
8.849999999999999645e+00 6.091589377764622393e-02
8.900000000000000355e+00 5.993172237079139042e-02
8.950000000000001066e+00 5.896260237883652749e-02
9.000000000000000000e+00 5.800835864577279233e-02
9.050000000000000711e+00 5.706881490512691335e-02
9.099999999999999645e+00 5.614379400343320892e-02
9.150000000000000355e+00 5.523311810972484498e-02
9.200000000000001066e+00 5.433660891179197677e-02
9.250000000000000000e+00 5.345408779991280696e-02
9.300000000000000711e+00 5.258537603873038313e-02
9.349999999999999645e+00 5.173029492791161171e-02
9.400000000000000355e+00 5.088866595219308786e-02
9.450000000000001066e+00 5.006031092138736593e-02
9.500000000000000000e+00 4.924505210089364510e-02
9.550000000000000711e+00 4.844271233322837433e-02
9.600000000000001421e+00 4.765311515106658569e-02
9.650000000000000355e+00 4.687608488225650238e-02
9.700000000000001066e+00 4.611144674724897835e-02
9.750000000000000000e+00 4.535902694935921992e-02
9.800000000000000711e+00 4.461865275825590421e-02
9.850000000000001421e+00 4.389015258705476763e-02
9.900000000000000355e+00 4.317335606337105447e-02
9.950000000000001066e+00 4.246809409466988094e-02
1.000000000000000000e+01 4.177419892823386327e-02
1.005000000000000071e+01 4.109150420605180154e-02
1.010000000000000142e+01 4.041984501491607124e-02
1.015000000000000036e+01 3.975905793200168459e-02
1.020000000000000107e+01 3.910898106618506537e-02
1.025000000000000000e+01 3.846945409534866661e-02
1.030000000000000071e+01 3.784031829990223972e-02
1.035000000000000142e+01 3.722141659274253583e-02
1.040000000000000036e+01 3.661259354585864184e-02
1.045000000000000107e+01 3.601369541378163230e-02
1.050000000000000000e+01 3.542457015406538789e-02
1.055000000000000071e+01 3.484506744497621600e-02
1.060000000000000142e+01 3.427503870055936125e-02
1.065000000000000036e+01 3.371433708324183404e-02
1.070000000000000107e+01 3.316281751412201995e-02
1.075000000000000000e+01 3.262033668108967749e-02
1.080000000000000071e+01 3.208675304491075825e-02
1.085000000000000142e+01 3.156192684340605736e-02
1.090000000000000036e+01 3.104572009384439987e-02
1.095000000000000107e+01 3.053799659366522243e-02
1.100000000000000000e+01 3.003862191963999409e-02
1.105000000000000071e+01 2.954746342557425590e-02
1.110000000000000142e+01 2.906439023864865190e-02
1.115000000000000036e+01 2.858927325449042711e-02
1.120000000000000107e+01 2.812198513106282244e-02
1.125000000000000000e+01 2.766240028145483532e-02
1.130000000000000071e+01 2.721039486564915191e-02
1.135000000000000142e+01 2.676584678134204254e-02
1.140000000000000036e+01 2.632863565388504981e-02
1.145000000000000107e+01 2.589864282541388257e-02
1.150000000000000000e+01 2.547575134322753107e-02
1.155000000000000071e+01 2.505984594747545646e-02
1.160000000000000142e+01 2.465081305820932336e-02
1.165000000000000036e+01 2.424854076185097365e-02
1.170000000000000107e+01 2.385291879712654259e-02
1.175000000000000000e+01 2.346383854051354093e-02
1.180000000000000071e+01 2.308119299124447923e-02
1.185000000000000142e+01 2.270487675590934090e-02
1.190000000000000036e+01 2.233478603269539037e-02
1.195000000000000107e+01 2.197081859530183867e-02
1.200000000000000000e+01 2.161287377656385261e-02
1.205000000000000071e+01 2.126085245181886380e-02
1.210000000000000142e+01 2.091465702204596544e-02
1.215000000000000036e+01 2.057419139680758194e-02
1.220000000000000107e+01 2.023936097702051448e-02
1.225000000000000000e+01 1.991007263758246687e-02
1.230000000000000071e+01 1.958623470987760559e-02
1.235000000000000142e+01 1.926775696418449313e-02
1.240000000000000036e+01 1.895455059200717302e-02
1.245000000000000107e+01 1.864652818834961270e-02
1.250000000000000000e+01 1.834360373395224272e-02
1.255000000000000071e+01 1.804569257750792549e-02
1.260000000000000142e+01 1.775271141787405221e-02
1.265000000000000036e+01 1.746457828629592937e-02
1.270000000000000107e+01 1.718121252865570728e-02
1.275000000000000000e+01 1.690253478776065216e-02
1.280000000000000071e+01 1.662846698568267237e-02
1.285000000000000142e+01 1.635893230616135632e-02
1.290000000000000036e+01 1.609385517708074656e-02
1.295000000000000107e+01 1.583316125303041791e-02
1.300000000000000000e+01 1.557677739795997399e-02
1.305000000000000071e+01 1.532463166793546043e-02
1.310000000000000142e+01 1.507665329400617940e-02
1.315000000000000036e+01 1.483277266518874364e-02
1.320000000000000107e+01 1.459292131157564724e-02
1.325000000000000000e+01 1.435703188757432754e-02
1.330000000000000071e+01 1.412503815528262999e-02
1.335000000000000142e+01 1.389687496800595320e-02
1.340000000000000036e+01 1.367247825392078377e-02
1.345000000000000107e+01 1.345178499988899067e-02
1.350000000000000000e+01 1.323473323542712944e-02
1.355000000000000071e+01 1.302126201683380217e-02
1.360000000000000142e+01 1.281131141147886024e-02
1.365000000000000036e+01 1.260482248225690272e-02
1.370000000000000107e+01 1.240173727220778531e-02
1.375000000000000000e+01 1.220199878930644695e-02
1.380000000000000071e+01 1.200555099142375237e-02
1.385000000000000142e+01 1.181233877146038204e-02
1.390000000000000036e+01 1.162230794265486228e-02
1.395000000000000107e+01 1.143540522406712515e-02
1.400000000000000000e+01 1.125157822623853304e-02
1.405000000000000071e+01 1.107077543702899430e-02
1.410000000000000142e+01 1.089294620763194346e-02
1.415000000000000036e+01 1.071804073876731454e-02
1.420000000000000107e+01 1.054601006705280924e-02
1.425000000000000000e+01 1.037680605155361611e-02
1.430000000000000071e+01 1.021038136051013491e-02
1.435000000000000142e+01 1.004668945824381716e-02
1.440000000000000036e+01 9.885684592240361404e-03
1.445000000000000107e+01 9.727321780410093030e-03
1.450000000000000000e+01 9.571556798524514034e-03
1.455000000000000071e+01 9.418346167828647864e-03
1.460000000000000142e+01 9.267647142828010220e-03
1.465000000000000036e+01 9.119417699249501505e-03
1.470000000000000107e+01 8.973616522174999652e-03
1.475000000000000000e+01 8.830202994346730491e-03
1.480000000000000071e+01 8.689137184643036527e-03
1.485000000000000142e+01 8.550379836723501562e-03
1.490000000000000036e+01 8.413892357841928904e-03
1.495000000000000107e+01 8.279636807825877312e-03
1.500000000000000000e+01 4.875483046435907103e-03
1.505000000000000071e+01 4.819707182526099601e-03
1.510000000000000142e+01 4.764550613076570622e-03
1.515000000000000036e+01 4.710006670614329781e-03
1.520000000000000107e+01 4.656068757201333938e-03
1.525000000000000000e+01 4.602730343732780276e-03
1.530000000000000071e+01 4.549984969242230719e-03
1.535000000000000142e+01 4.497826240213537337e-03
1.540000000000000036e+01 4.446247829899461178e-03
1.545000000000000107e+01 4.395243477646954174e-03
1.550000000000000000e+01 4.344806988229038200e-03
1.555000000000000071e+01 4.294932231183194553e-03
1.560000000000000142e+01 4.245613140156242159e-03
1.565000000000000036e+01 4.196843712255598699e-03
1.570000000000000107e+01 4.148618007406897762e-03
1.575000000000000000e+01 4.100930147717899571e-03
1.580000000000000071e+01 4.053774316848600748e-03
1.585000000000000142e+01 4.007144759387544844e-03
1.590000000000000036e+01 3.961035780234217415e-03
1.595000000000000107e+01 3.915441743987492680e-03
1.600000000000000000e+01 3.870357074340091425e-03
1.605000000000000071e+01 3.825776253478953455e-03
1.610000000000000142e+01 3.781693821491508966e-03
1.615000000000000213e+01 3.738104375777763846e-03
1.619999999999999929e+01 3.695002570468160739e-03
1.625000000000000000e+01 3.652383115847141273e-03
1.630000000000000071e+01 3.610240777782399921e-03
1.635000000000000142e+01 3.568570377159711524e-03
1.640000000000000213e+01 3.527366789323329883e-03
1.644999999999999929e+01 3.486624943521892360e-03
1.650000000000000000e+01 3.446339822359748960e-03
1.655000000000000071e+01 3.406506461253727604e-03
1.660000000000000142e+01 3.367119947895212857e-03
1.665000000000000213e+01 3.328175421717531179e-03
1.669999999999999929e+01 3.289668073368587180e-03
1.675000000000000000e+01 3.251593144188679764e-03
1.680000000000000071e+01 3.213945925693486010e-03
1.685000000000000142e+01 3.176721759062123458e-03
1.690000000000000213e+01 3.139916034630266944e-03
1.694999999999999929e+01 3.103524191388271417e-03
1.700000000000000000e+01 3.067541716484227434e-03
1.705000000000000071e+01 3.031964144731956294e-03
1.710000000000000142e+01 2.996787058123833326e-03
1.715000000000000213e+01 2.962006085348435017e-03
1.719999999999999929e+01 2.927616901312956633e-03
1.725000000000000000e+01 2.893615226670339172e-03
1.730000000000000071e+01 2.859996827351087446e-03
1.735000000000000142e+01 2.826757514099712508e-03
1.740000000000000213e+01 2.793893142015752007e-03
1.744999999999999929e+01 2.761399610099352867e-03
1.750000000000000000e+01 2.729272860801333894e-03
1.755000000000000071e+01 2.697508879577722660e-03
1.760000000000000142e+01 2.666103694448697294e-03
1.765000000000000213e+01 2.635053375561900203e-03
1.769999999999999929e+01 2.604354034760087300e-03
1.775000000000000000e+01 2.574001825153054632e-03
1.780000000000000071e+01 2.543992940693829818e-03
1.785000000000000142e+01 2.514323615759060659e-03
1.790000000000000213e+01 2.484990124733562743e-03
1.794999999999999929e+01 2.455988781599015638e-03
1.800000000000000000e+01 2.427315939526716176e-03
1.805000000000000071e+01 2.398967990474412670e-03
1.810000000000000142e+01 2.370941364787122925e-03
1.815000000000000213e+01 2.343232530801933437e-03
1.819999999999999929e+01 2.315837994456733384e-03
1.825000000000000000e+01 2.288754298902830053e-03
1.830000000000000071e+01 2.261978024121446586e-03
1.835000000000000142e+01 2.235505786544009221e-03
1.840000000000000213e+01 2.209334238676245298e-03
1.844999999999999929e+01 2.183460068726008740e-03
1.850000000000000000e+01 2.157880000234826089e-03
1.855000000000000071e+01 2.132590791713119723e-03
1.860000000000000142e+01 2.107589236279064446e-03
1.865000000000000213e+01 2.082872161301051878e-03
1.869999999999999929e+01 2.058436428043727926e-03
1.875000000000000000e+01 2.034278931317556102e-03
1.880000000000000071e+01 2.010396599131899706e-03
1.885000000000000142e+01 1.986786392351552657e-03
1.890000000000000213e+01 1.963445304356720676e-03
1.894999999999999929e+01 1.940370360706393646e-03
1.900000000000000000e+01 1.917558618805083976e-03
1.905000000000000071e+01 1.895007167572916899e-03
1.910000000000000142e+01 1.872713127119009354e-03
1.915000000000000213e+01 1.850673648418120791e-03
1.920000000000000284e+01 1.828885912990555916e-03
1.925000000000000000e+01 1.807347132585262811e-03
1.930000000000000071e+01 1.786054548866113610e-03
1.935000000000000142e+01 1.765005433101339560e-03
1.940000000000000213e+01 1.744197085856070365e-03
1.945000000000000284e+01 1.723626836687964809e-03
1.950000000000000000e+01 1.703292043845906420e-03
1.955000000000000071e+01 1.683190093971699986e-03
1.960000000000000142e+01 1.663318401804803406e-03
1.965000000000000213e+01 1.643674409889996210e-03
1.970000000000000284e+01 1.624255588287997973e-03
1.975000000000000000e+01 1.605059434289005191e-03
1.980000000000000071e+01 1.586083472129095652e-03
1.985000000000000142e+01 1.567325252709503769e-03
1.990000000000000213e+01 1.548782353318710076e-03
1.995000000000000284e+01 1.530452377357336639e-03
2.000000000000000000e+01 1.512332954065816280e-03
2.005000000000000071e+01 1.494421738254794003e-03
2.010000000000000142e+01 1.476716410038269710e-03
2.015000000000000213e+01 1.459214674569412609e-03
2.020000000000000284e+01 1.441914261779049045e-03
2.025000000000000000e+01 1.424812926116793841e-03
2.030000000000000071e+01 1.407908446294787834e-03
2.035000000000000142e+01 1.391198625034032301e-03
2.040000000000000213e+01 1.374681288813280576e-03
2.045000000000000284e+01 1.358354287620471695e-03
2.050000000000000000e+01 1.342215494706678301e-03
2.055000000000000071e+01 1.326262806342534120e-03
2.060000000000000142e+01 1.310494141577143610e-03
2.065000000000000213e+01 1.294907441999419142e-03
2.070000000000000284e+01 1.279500671501836596e-03
2.075000000000000000e+01 1.264271816046587914e-03
2.080000000000000071e+01 1.249218883434100686e-03
2.085000000000000142e+01 1.234339903073908068e-03
2.090000000000000213e+01 1.219632925757839752e-03
2.095000000000000284e+01 1.205096023435509077e-03
2.100000000000000000e+01 1.190727288992090606e-03
2.105000000000000071e+01 1.176524836028339845e-03
2.110000000000000142e+01 1.162486798642858995e-03
2.115000000000000213e+01 1.148611331216567531e-03
2.120000000000000284e+01 1.134896608199365475e-03
2.125000000000000000e+01 1.121340823898964861e-03
2.130000000000000071e+01 1.107942192271867262e-03
2.135000000000000142e+01 1.094698946716475031e-03
2.140000000000000213e+01 1.081609339868298521e-03
2.145000000000000284e+01 1.068671643397254949e-03
2.150000000000000000e+01 1.055884147807027457e-03
2.155000000000000071e+01 1.043245162236471589e-03
2.160000000000000142e+01 1.030753014263044659e-03
2.165000000000000213e+01 1.018406049708238956e-03
2.170000000000000284e+01 1.006202632444999460e-03
2.175000000000000000e+01 9.941411442071078786e-04
2.180000000000000071e+01 9.822199844005065263e-04
2.185000000000000142e+01 9.704375699165585997e-04
2.190000000000000213e+01 9.587923349472066668e-04
2.195000000000000284e+01 9.472827308020240677e-04
2.200000000000000000e+01 9.359072257271364549e-04
2.205000000000000071e+01 9.246643047259901641e-04
2.210000000000000142e+01 9.135524693819616678e-04
2.215000000000000213e+01 9.025702376827758047e-04
2.220000000000000284e+01 8.917161438467219401e-04
2.225000000000000000e+01 8.809887381506549412e-04
2.230000000000000071e+01 8.703865867597472463e-04
2.235000000000000142e+01 8.599082715589991856e-04
2.240000000000000213e+01 8.495523899864636415e-04
2.245000000000000284e+01 8.393175548681900376e-04
2.250000000000000000e+01 8.292023942548558879e-04
2.255000000000000071e+01 8.192055512600749561e-04
2.260000000000000142e+01 8.093256839003711836e-04
2.265000000000000213e+01 7.995614649367881362e-04
2.270000000000000284e+01 7.899115817181299581e-04
2.275000000000000000e+01 7.803747360258130169e-04
2.280000000000000071e+01 7.709496439203081817e-04
2.285000000000000142e+01 7.616350355891704808e-04
2.290000000000000213e+01 7.524296551966238320e-04
2.295000000000000284e+01 7.433322607346981321e-04
2.300000000000000000e+01 7.343416238758991924e-04
2.305000000000000071e+01 7.254565298273898347e-04
2.310000000000000142e+01 7.166757771866844257e-04
2.315000000000000213e+01 7.079981777988198768e-04
2.320000000000000284e+01 6.994225566150040875e-04
2.325000000000000000e+01 6.909477515527230737e-04
2.330000000000000071e+01 6.825726133572855309e-04
2.335000000000000142e+01 6.742960054648062434e-04
2.340000000000000213e+01 6.661168038665948345e-04
2.345000000000000284e+01 6.580338969749495361e-04
2.350000000000000000e+01 6.500461854903366761e-04
2.355000000000000071e+01 6.421525822699424403e-04
2.360000000000000142e+01 6.343520121975854175e-04
2.365000000000000213e+01 6.266434120549731202e-04
2.370000000000000284e+01 6.190257303942901237e-04
2.375000000000000000e+01 6.114979274121077387e-04
2.380000000000000071e+01 6.040589748245951598e-04
2.385000000000000142e+01 5.967078557440255856e-04
2.390000000000000213e+01 5.894435645565645164e-04
2.395000000000000284e+01 5.822651068013188699e-04
2.400000000000000000e+01 5.751714990506450733e-04
2.405000000000000071e+01 5.681617687916958558e-04
2.410000000000000142e+01 5.612349543092001042e-04
2.415000000000000213e+01 5.543901045694537731e-04
2.420000000000000284e+01 5.476262791055208721e-04
2.425000000000000000e+01 5.409425479036239319e-04
2.430000000000000071e+01 5.343379912907156000e-04
2.435000000000000142e+01 5.278116998232199823e-04
2.440000000000000213e+01 5.213627741769309362e-04
2.445000000000000284e+01 5.149903250380523552e-04
2.450000000000000000e+01 5.086934729953802251e-04
2.455000000000000071e+01 5.024713484335966394e-04
2.460000000000000142e+01 4.963230914276845537e-04
2.465000000000000213e+01 4.902478516384372589e-04
2.470000000000000284e+01 4.842447882090592133e-04
2.475000000000000000e+01 4.783130696628429984e-04
2.480000000000000071e+01 4.724518738019134554e-04
2.485000000000000142e+01 4.666603876070335812e-04
2.490000000000000213e+01 4.609378071384464333e-04
2.495000000000000284e+01 4.552833374377625851e-04
2.500000000000000000e+01 4.496961924308656472e-04
2.505000000000000071e+01 4.441755948318319518e-04
2.510000000000000142e+01 4.387207760478627726e-04
2.515000000000000213e+01 4.333309760851999709e-04
2.520000000000000284e+01 4.280054434560320604e-04
2.525000000000000000e+01 4.227434350863739938e-04
2.530000000000000071e+01 4.175442162249076608e-04
2.535000000000000142e+01 4.124070603527834234e-04
2.540000000000000213e+01 4.073312490943589975e-04
2.545000000000000284e+01 4.023160721288801815e-04
2.550000000000000000e+01 3.973608271030833194e-04
2.555000000000000071e+01 3.924648195447160825e-04
2.560000000000000142e+01 3.876273627769649156e-04
2.565000000000000213e+01 3.828477778337819378e-04
2.570000000000000284e+01 3.781253933760988280e-04
2.575000000000000000e+01 3.734595456089216258e-04
2.580000000000000071e+01 3.688495781992961998e-04
2.585000000000000142e+01 3.642948421951376636e-04
2.590000000000000213e+01 3.597946959449096972e-04
2.595000000000000284e+01 3.553485050181529612e-04
2.600000000000000000e+01 3.509556421268463953e-04
2.605000000000000071e+01 3.466154870475965225e-04
2.610000000000000142e+01 3.423274265446494451e-04
2.615000000000000213e+01 3.380908542937096500e-04
2.620000000000000284e+01 3.339051708065632383e-04
2.625000000000000000e+01 3.297697833564960370e-04
2.630000000000000071e+01 3.256841059044984082e-04
2.635000000000000142e+01 3.216475590262468350e-04
2.640000000000000213e+01 3.176595698398591394e-04
2.645000000000000284e+01 3.137195719344086425e-04
2.650000000000000000e+01 3.098270052991959644e-04
2.655000000000000071e+01 3.059813162537670808e-04
2.660000000000000142e+01 3.021819573786717274e-04
2.665000000000000213e+01 2.984283874469526639e-04
2.670000000000000284e+01 2.947200713563598372e-04
2.675000000000000000e+01 2.910564800622836398e-04
2.680000000000000071e+01 2.874370905113936064e-04
2.685000000000000142e+01 2.838613855759860140e-04
2.690000000000000213e+01 2.803288539890211447e-04
2.695000000000000284e+01 2.768389902798518349e-04
2.700000000000000000e+01 2.733912947106331205e-04
2.705000000000000071e+01 2.699852732134046837e-04
2.710000000000000142e+01 2.666204373278430119e-04
2.715000000000000213e+01 2.632963041396723172e-04
2.720000000000000284e+01 2.600123962197298266e-04
2.725000000000000000e+01 2.567682415636787742e-04
2.730000000000000071e+01 2.535633735323597720e-04
2.735000000000000142e+01 2.503973307927795291e-04
2.740000000000000213e+01 2.472696572597240161e-04
2.745000000000000284e+01 2.441799020379934208e-04
2.750000000000000000e+01 2.411276193652532552e-04
2.755000000000000071e+01 2.381123685554897970e-04
2.760000000000000142e+01 2.351337139430729822e-04
2.765000000000000213e+01 2.321912248274107305e-04
2.770000000000000284e+01 2.292844754181944859e-04
2.775000000000000000e+01 2.264130447812291963e-04
2.780000000000000071e+01 2.235765167848393839e-04
2.785000000000000142e+01 2.207744800468481900e-04
2.790000000000000213e+01 2.180065278821218845e-04
2.795000000000000284e+01 2.152722582506735535e-04
2.800000000000000000e+01 2.125712737063222501e-04
2.805000000000000071e+01 2.099031813458995051e-04
2.810000000000000142e+01 2.072675927589996464e-04
2.815000000000000213e+01 2.046641239782664458e-04
2.820000000000000284e+01 2.020923954302129768e-04
2.825000000000000000e+01 1.995520318865644368e-04
2.830000000000000071e+01 1.970426624161261849e-04
2.835000000000000142e+01 1.945639203371635217e-04
2.840000000000000213e+01 1.921154431702930786e-04
2.845000000000000284e+01 1.896968725918793625e-04
2.850000000000000000e+01 1.873078543879294654e-04
2.855000000000000071e+01 1.849480384084830102e-04
2.860000000000000142e+01 1.826170785224924531e-04
2.865000000000000213e+01 1.803146325731849091e-04
2.870000000000000284e+01 1.780403623339056596e-04
2.875000000000000000e+01 1.757939334644352406e-04
2.880000000000000071e+01 1.735750154677740385e-04
2.885000000000000142e+01 1.713832816473944754e-04
2.890000000000000213e+01 1.692184090649507004e-04
2.895000000000000284e+01 1.670800784984425072e-04
2.900000000000000000e+01 1.649679744008325033e-04
2.905000000000000071e+01 1.628817848591044670e-04
2.910000000000000142e+01 1.608212015537664990e-04
2.915000000000000213e+01 1.587859197187875570e-04
2.920000000000000284e+01 1.567756381019675619e-04
2.925000000000000000e+01 1.547900589257335691e-04
2.930000000000000071e+01 1.528288878483584801e-04
2.935000000000000142e+01 1.508918339256005601e-04
2.940000000000000213e+01 1.489786095727528657e-04
2.945000000000000284e+01 1.470889305271061323e-04
2.950000000000000000e+01 1.452225158108155821e-04
2.955000000000000071e+01 1.433790876941677477e-04
2.960000000000000142e+01 1.415583716592467970e-04
2.965000000000000213e+01 1.397600963639918765e-04
2.970000000000000284e+01 1.379839936066437362e-04
2.975000000000000000e+01 1.362297982905762205e-04
2.980000000000000071e+01 1.344972483895080415e-04
2.985000000000000142e+01 1.327860849130922086e-04
2.990000000000000213e+01 1.310960518728768772e-04
2.995000000000000284e+01 1.294268962486364808e-04
3.000000000000000000e+01 1.277783679550664763e-04
3.005000000000000071e+01 1.261502198088401054e-04
3.010000000000000142e+01 1.245422074960232401e-04
3.015000000000000213e+01 1.229540895398409167e-04
3.020000000000000284e+01 1.213856272687962082e-04
3.025000000000000000e+01 1.198365847851332093e-04
3.030000000000000071e+01 1.183067289336443227e-04
3.035000000000000142e+01 1.167958292708157490e-04
3.040000000000000213e+01 1.153036580343089445e-04
3.045000000000000284e+01 1.138299901127735588e-04
3.050000000000000000e+01 1.123746030159896591e-04
3.055000000000000071e+01 1.109372768453335757e-04
3.060000000000000142e+01 1.095177942645675568e-04
3.065000000000000213e+01 1.081159404709456994e-04
3.070000000000000284e+01 1.067315031666356138e-04
3.075000000000000000e+01 1.053642725304519169e-04
3.080000000000000071e+01 1.040140411898974237e-04
3.085000000000000142e+01 1.026806041935097302e-04
3.090000000000000213e+01 1.013637589835102214e-04
3.095000000000000284e+01 1.000633053687504216e-04
3.100000000000000000e+01 9.877904549795492892e-05
3.105000000000000071e+01 9.751078383325656798e-05
3.110000000000000142e+01 9.625832712402089054e-05
3.115000000000000213e+01 9.502148438095614556e-05
3.120000000000000284e+01 9.380006685050805610e-05
3.125000000000000000e+01 9.259388798953357481e-05
3.130000000000000071e+01 9.140276344025174797e-05
3.135000000000000142e+01 9.022651100547054970e-05
3.140000000000000213e+01 8.906495062408364180e-05
3.145000000000000284e+01 8.791790434683611057e-05
3.150000000000000000e+01 8.678519631235648377e-05
3.155000000000000071e+01 8.566665272345058235e-05
3.160000000000000142e+01 8.456210182365697658e-05
3.165000000000000213e+01 8.347137387405886963e-05
3.170000000000000284e+01 8.239430113035052462e-05
3.175000000000000000e+01 8.133071782015633799e-05
3.180000000000000071e+01 8.028046012059853387e-05
3.185000000000000142e+01 7.924336613611249029e-05
3.190000000000000213e+01 7.821927587650458788e-05
3.195000000000000284e+01 7.720803123525290623e-05
3.200000000000000000e+01 7.620947596804628218e-05
3.205000000000000426e+01 7.522345567155900583e-05
3.210000000000000142e+01 7.424981776246112729e-05
3.214999999999999858e+01 7.328841145665778757e-05
3.220000000000000284e+01 7.233908774875910501e-05
3.225000000000000000e+01 7.140169939177668716e-05
3.230000000000000426e+01 7.047610087704210590e-05
3.235000000000000142e+01 6.956214841434943646e-05
3.239999999999999858e+01 6.865969991231585668e-05
3.245000000000000284e+01 6.776861495895881559e-05
3.250000000000000000e+01 6.688875480248935126e-05
3.255000000000000426e+01 6.601998233231587941e-05
3.260000000000000142e+01 6.516216206025964540e-05
3.264999999999999858e+01 6.431516010197658117e-05
3.270000000000000284e+01 6.347884415858593310e-05
3.275000000000000000e+01 6.265308349850251665e-05
3.280000000000000426e+01 6.183774893946817946e-05
3.285000000000000142e+01 6.103271283078510920e-05
3.289999999999999858e+01 6.023784903574375550e-05
3.295000000000000284e+01 5.945303291424697912e-05
3.300000000000000000e+01 5.867814130562685695e-05
3.305000000000000426e+01 5.791305251165120883e-05
3.310000000000000142e+01 5.715764627972035451e-05
3.314999999999999858e+01 5.641180378624882186e-05
3.320000000000000284e+01 5.567540762023282636e-05
3.325000000000000000e+01 5.494834176700020835e-05
3.330000000000000426e+01 5.423049159214058485e-05
3.335000000000000142e+01 5.352174382561511321e-05
3.339999999999999858e+01 5.282198654604195631e-05
3.345000000000000284e+01 5.213110916515759872e-05
3.350000000000000000e+01 5.144900241245133022e-05
3.355000000000000426e+01 5.077555831996933921e-05
3.360000000000000142e+01 5.011067020729079440e-05
3.364999999999999858e+01 4.945423266666886767e-05
3.370000000000000284e+01 4.880614154833895431e-05
3.375000000000000000e+01 4.816629394599100092e-05
3.380000000000000426e+01 4.753458818240256621e-05
3.385000000000000142e+01 4.691092379523384133e-05
3.389999999999999858e+01 4.629520152298064519e-05
3.395000000000000284e+01 4.568732329108447326e-05
3.400000000000000000e+01 4.508719219819806842e-05
3.405000000000000426e+01 4.449471250260410819e-05
3.410000000000000142e+01 4.390978960878662903e-05
3.414999999999999858e+01 4.333233005415177910e-05
3.420000000000000284e+01 4.276224149589806896e-05
3.425000000000000000e+01 4.219943269803385017e-05
3.430000000000000426e+01 4.164381351853910115e-05
3.435000000000000142e+01 4.109529489667248945e-05
3.439999999999999858e+01 4.055378884041985449e-05
3.445000000000000284e+01 4.001920841408413142e-05
3.450000000000000000e+01 3.949146772601427635e-05
3.455000000000000426e+01 3.897048191647185144e-05
3.460000000000000142e+01 3.845616714563440913e-05
3.464999999999999858e+01 3.794844058173307361e-05
3.470000000000000284e+01 3.744722038932332995e-05
3.475000000000000000e+01 3.695242571768944125e-05
3.480000000000000426e+01 3.646397668937657795e-05
3.485000000000000142e+01 3.598179438885452870e-05
3.489999999999999858e+01 3.550580085130729382e-05
3.495000000000000284e+01 3.503591905155010642e-05
3.500000000000000000e+01 3.457207289307068275e-05
3.505000000000000426e+01 3.411418719719421395e-05
3.510000000000000142e+01 3.366218769237073024e-05
3.514999999999999858e+01 3.321600100358304883e-05
3.520000000000000284e+01 3.277555464187401790e-05
3.525000000000000000e+01 3.234077699399313119e-05
3.530000000000000426e+01 3.191159731215841374e-05
3.535000000000000142e+01 3.148794570393571304e-05
3.539999999999999858e+01 3.106975312223075403e-05
3.545000000000000284e+01 3.065695135539579433e-05
3.550000000000000000e+01 3.024947301744762015e-05
3.555000000000000426e+01 2.984725153839552103e-05
3.560000000000000142e+01 2.945022115468039529e-05
3.564999999999999858e+01 2.905831689972046981e-05
3.570000000000000284e+01 2.867147459456536210e-05
3.575000000000000000e+01 2.828963083865549297e-05
3.580000000000000426e+01 2.791272300068621952e-05
3.585000000000000142e+01 2.754068920957625826e-05
3.589999999999999858e+01 2.717346834553753876e-05
3.595000000000000284e+01 2.681100003124758883e-05
3.600000000000000000e+01 2.645322462312160546e-05
3.605000000000000426e+01 2.610008320268330322e-05
3.610000000000000142e+01 2.575151756803487578e-05
3.614999999999999858e+01 2.540747022542292962e-05
3.620000000000000284e+01 2.506788438090091847e-05
3.625000000000000000e+01 2.473270393208671313e-05
3.630000000000000426e+01 2.440187346001308408e-05
3.635000000000000142e+01 2.407533822107210301e-05
3.639999999999999858e+01 2.375304413905030907e-05
3.645000000000000284e+01 2.343493779725551731e-05
3.650000000000000000e+01 2.312096643073300938e-05
3.655000000000000426e+01 2.281107791857045611e-05
3.660000000000000142e+01 2.250522077629080599e-05
3.664999999999999858e+01 2.220334414833194728e-05
3.670000000000000284e+01 2.190539780061234046e-05
3.675000000000000000e+01 2.161133211318164876e-05
3.680000000000000426e+01 2.132109807295499119e-05
3.685000000000000142e+01 2.103464726653101797e-05
3.689999999999999858e+01 2.075193187309122312e-05
3.695000000000000284e+01 2.047290465738128718e-05
3.700000000000000000e+01 2.019751896277254585e-05
3.705000000000000426e+01 1.992572870440251727e-05
3.710000000000000142e+01 1.965748836239482341e-05
3.714999999999999858e+01 1.939275297515602204e-05
3.720000000000000284e+01 1.913147813274988801e-05
3.725000000000000000e+01 1.887361997034740573e-05
3.730000000000000426e+01 1.861913516175195787e-05
3.735000000000000142e+01 1.836798091299905963e-05
3.739999999999999858e+01 1.812011495602931411e-05
3.745000000000000284e+01 1.787549554243420552e-05
3.750000000000000000e+01 1.763408143727395139e-05
3.755000000000000426e+01 1.739583191296601407e-05
3.760000000000000142e+01 1.716070674324449890e-05
3.764999999999999858e+01 1.692866619718840925e-05
3.770000000000000284e+01 1.669967103331929396e-05
3.775000000000000000e+01 1.647368249376656932e-05
3.780000000000000426e+01 1.625066229849984127e-05
3.785000000000000142e+01 1.603057263962834667e-05
3.789999999999999858e+01 1.581337617576542275e-05
3.795000000000000284e+01 1.559903602645845583e-05
3.800000000000000000e+01 1.538751576668310271e-05
3.805000000000000426e+01 1.517877942140075335e-05
3.810000000000000142e+01 1.497279146017930583e-05
3.814999999999999858e+01 1.476951679187561717e-05
3.820000000000000284e+01 1.456892075937976382e-05
3.825000000000000000e+01 1.437096913442019883e-05
3.830000000000000426e+01 1.417562811242847223e-05
3.835000000000000142e+01 1.398286430746396378e-05
3.840000000000000568e+01 1.379264474719702038e-05
3.845000000000000284e+01 1.360493686795041499e-05
3.850000000000000000e+01 1.341970850979800909e-05
3.855000000000000426e+01 1.323692791172054931e-05
3.860000000000000142e+01 1.305656370681755611e-05
3.865000000000000568e+01 1.287858491757449338e-05
3.870000000000000284e+01 1.270296095118528982e-05
3.875000000000000000e+01 1.252966159492880793e-05
3.880000000000000426e+01 1.235865701159929270e-05
3.885000000000000142e+01 1.218991773498976829e-05
3.890000000000000568e+01 1.202341466542796942e-05
3.895000000000000284e+01 1.185911906536437378e-05
3.900000000000000000e+01 1.169700255501112921e-05
3.905000000000000426e+01 1.153703710803219082e-05
3.910000000000000142e+01 1.137919504728358215e-05
3.915000000000000568e+01 1.122344904060290450e-05
3.920000000000000284e+01 1.106977209664847390e-05
3.925000000000000000e+01 1.091813756078645612e-05
3.930000000000000426e+01 1.076851911102631464e-05
3.935000000000000142e+01 1.062089075400358756e-05
3.940000000000000568e+01 1.047522682100946801e-05
3.945000000000000284e+01 1.033150196406695798e-05
3.950000000000000000e+01 1.018969115205256191e-05
3.955000000000000426e+01 1.004976966686355917e-05
3.960000000000000142e+01 9.911713099630128652e-06
3.965000000000000568e+01 9.775497346971429212e-06
3.970000000000000284e+01 9.641098607295969864e-06
3.975000000000000000e+01 9.508493377144848252e-06
3.980000000000000426e+01 9.377658447578120053e-06
3.985000000000000142e+01 9.248570900603437025e-06
3.990000000000000568e+01 9.121208105646374319e-06
3.995000000000000284e+01 8.995547716062450442e-06
4.000000000000000000e+01 8.871567665689745517e-06
4.005000000000000426e+01 8.749246165442187286e-06
4.010000000000000142e+01 8.628561699942866191e-06
4.015000000000000568e+01 8.509493024196630769e-06
4.020000000000000284e+01 8.392019160302109036e-06
4.025000000000000000e+01 8.276119394202064892e-06
4.030000000000000426e+01 8.161773272472275890e-06
4.035000000000000142e+01 8.048960599147973526e-06
4.040000000000000568e+01 7.937661432587651237e-06
4.045000000000000284e+01 7.827856082373991071e-06
4.050000000000000000e+01 7.719525106250963760e-06
4.055000000000000426e+01 7.612649307097336790e-06
4.060000000000000142e+01 7.507209729935727379e-06
4.065000000000000568e+01 7.403187658976869997e-06
4.070000000000000284e+01 7.300564614698922244e-06
4.075000000000000000e+01 7.199322350961028987e-06
4.080000000000000426e+01 7.099442852151186242e-06
4.085000000000000142e+01 7.000908330367656878e-06
4.090000000000000568e+01 6.903701222633743332e-06
4.095000000000000284e+01 6.807804188145516672e-06
4.100000000000000000e+01 6.713200105552000583e-06
4.105000000000000426e+01 6.619872070267674735e-06
4.110000000000000142e+01 6.527803391816696158e-06
4.115000000000000568e+01 6.436977591208593803e-06
4.120000000000000284e+01 6.347378398345100899e-06
4.125000000000000000e+01 6.258989749457619397e-06
4.130000000000000426e+01 6.171795784575142031e-06
4.135000000000000142e+01 6.085780845022310959e-06
4.140000000000000568e+01 6.000929470946851517e-06
4.145000000000000284e+01 5.917226398876776625e-06
4.150000000000000000e+01 5.834656559306244638e-06
4.155000000000000426e+01 5.753205074310324724e-06
4.160000000000000142e+01 5.672857255188019277e-06
4.165000000000000568e+01 5.593598600133335808e-06
4.170000000000000284e+01 5.515414791934083087e-06
4.175000000000000000e+01 5.438291695698021358e-06
4.180000000000000426e+01 5.362215356606078647e-06
4.185000000000000142e+01 5.287171997692443426e-06
