# a, density. dx=0.05, size=1432
0.000000000000000000e+00 0.000000000000000000e+00
5.000000000000000278e-02 0.000000000000000000e+00
1.000000000000000056e-01 0.000000000000000000e+00
1.500000000000000222e-01 0.000000000000000000e+00
2.000000000000000111e-01 0.000000000000000000e+00
2.500000000000000000e-01 0.000000000000000000e+00
3.000000000000000444e-01 0.000000000000000000e+00
3.500000000000000333e-01 0.000000000000000000e+00
4.000000000000000222e-01 0.000000000000000000e+00
4.500000000000000111e-01 0.000000000000000000e+00
5.000000000000000000e-01 0.000000000000000000e+00
5.500000000000000444e-01 0.000000000000000000e+00
6.000000000000000888e-01 0.000000000000000000e+00
6.500000000000000222e-01 0.000000000000000000e+00
7.000000000000000666e-01 0.000000000000000000e+00
7.500000000000000000e-01 0.000000000000000000e+00
8.000000000000000444e-01 0.000000000000000000e+00
8.500000000000000888e-01 0.000000000000000000e+00
9.000000000000000222e-01 0.000000000000000000e+00
9.500000000000000666e-01 0.000000000000000000e+00
1.000000000000000000e+00 0.000000000000000000e+00
1.050000000000000044e+00 0.000000000000000000e+00
1.100000000000000089e+00 0.000000000000000000e+00
1.150000000000000133e+00 0.000000000000000000e+00
1.200000000000000178e+00 0.000000000000000000e+00
1.250000000000000000e+00 4.247898509323756941e-70
1.300000000000000044e+00 8.938795344877359385e-37
1.350000000000000089e+00 1.119595599346057060e-24
1.400000000000000133e+00 1.866771951300425586e-18
1.450000000000000178e+00 1.113633311854711019e-14
1.500000000000000000e+00 3.744805815829580165e-12
1.550000000000000044e+00 2.386330854910662377e-10
1.600000000000000089e+00 5.336068721464046658e-09
1.650000000000000133e+00 5.917873254988347011e-08
1.700000000000000178e+00 4.012327168029838516e-07
1.750000000000000000e+00 1.901164736159751988e-06
1.800000000000000044e+00 6.885195968732285755e-06
1.850000000000000089e+00 2.028018010342398802e-05
1.900000000000000133e+00 5.079189218347246817e-05
1.950000000000000178e+00 1.117526610674976278e-04
2.000000000000000000e+00 7.247855619343844752e-04
2.050000000000000266e+00 7.247855619343844752e-04
2.100000000000000089e+00 7.247855619343844752e-04
2.149999999999999911e+00 1.083039381788634828e-03
2.200000000000000178e+00 1.638585573036558871e-03
2.250000000000000000e+00 2.373199823573328340e-03
2.300000000000000266e+00 3.310366949452396394e-03
2.350000000000000089e+00 4.469609394545965599e-03
2.400000000000000355e+00 5.865761750734646042e-03
2.450000000000000178e+00 7.508592255416338818e-03
2.500000000000000000e+00 9.402731640414383960e-03
2.550000000000000266e+00 1.154785322911572841e-02
2.600000000000000089e+00 1.393904276166341334e-02
2.650000000000000355e+00 1.656729859161733612e-02
2.700000000000000178e+00 1.942010959881942944e-02
2.750000000000000000e+00 2.248206705358280627e-02
2.800000000000000266e+00 2.573547610579993150e-02
2.850000000000000089e+00 2.916094152290912150e-02
2.900000000000000355e+00 3.273791019046850409e-02
2.950000000000000178e+00 3.644515947302465197e-02
3.000000000000000000e+00 4.026122577848464945e-02
3.050000000000000266e+00 4.416477166958650280e-02
3.100000000000000089e+00 4.813489277887380430e-02
3.150000000000000355e+00 5.215136778987254640e-02
3.200000000000000178e+00 5.619485602636786065e-02
3.250000000000000000e+00 6.024704790763962120e-02
3.300000000000000266e+00 6.429077382190401257e-02
3.350000000000000089e+00 6.831007696074245517e-02
3.400000000000000355e+00 7.229025543858903780e-02
3.450000000000000178e+00 7.621787866733417682e-02
3.500000000000000000e+00 8.008078252297816391e-02
3.550000000000000266e+00 8.386804737057122761e-02
3.600000000000000089e+00 8.756996253515510198e-02
3.650000000000000355e+00 9.117798034056313894e-02
3.700000000000000178e+00 9.468466239813798369e-02
3.750000000000000000e+00 9.808362042174130491e-02
3.800000000000000266e+00 1.013694534780195389e-01
3.850000000000000089e+00 1.045376832531206418e-01
3.900000000000000355e+00 1.075846886283728931e-01
3.950000000000000178e+00 1.105076406060258448e-01
4.000000000000000000e+00 1.133044384094073070e-01
4.049999999999999822e+00 1.159736473967605125e-01
4.100000000000000533e+00 1.185144392713835676e-01
4.150000000000000355e+00 1.209265349393289779e-01
4.200000000000000178e+00 1.232101502567479745e-01
4.250000000000000000e+00 1.253659448191177250e-01
4.299999999999999822e+00 1.273949738714250102e-01
4.350000000000000533e+00 1.292986433594985607e-01
4.400000000000000355e+00 1.310786680959595552e-01
4.450000000000000178e+00 1.327370329777971536e-01
4.500000000000000000e+00 1.342759571647235139e-01
4.549999999999999822e+00 1.356978611067842511e-01
4.600000000000000533e+00 1.370053362949460452e-01
4.650000000000000355e+00 1.382011175984960150e-01
4.700000000000000178e+00 1.392880580471527185e-01
4.750000000000000000e+00 1.402691059130393714e-01
4.800000000000000711e+00 1.411472839474524066e-01
4.850000000000000533e+00 1.419256706291289472e-01
4.900000000000000355e+00 1.426073832840232536e-01
4.950000000000000178e+00 1.431955629410577024e-01
5.000000000000000000e+00 1.436933607936197177e-01
5.050000000000000711e+00 1.441039261424657270e-01
5.100000000000000533e+00 1.444303957019674733e-01
5.150000000000000355e+00 1.446758841581218813e-01
5.200000000000000178e+00 1.448434758733149474e-01
5.250000000000000000e+00 1.449362176393736157e-01
5.300000000000000711e+00 1.449571123868768907e-01
5.350000000000000533e+00 1.449091137649675676e-01
5.400000000000000355e+00 1.447951215119607782e-01
5.450000000000000178e+00 1.446179775428511061e-01
5.500000000000000000e+00 1.443804626853581741e-01
5.550000000000000711e+00 1.440852940014003547e-01
5.600000000000000533e+00 1.437351226358478951e-01
5.650000000000000355e+00 1.433325321390719609e-01
5.700000000000000178e+00 1.428800372141829922e-01
5.750000000000000000e+00 1.423800828439419908e-01
5.800000000000000711e+00 1.418350437561434474e-01
5.850000000000000533e+00 1.412472241898154179e-01
5.900000000000000355e+00 1.406188579278770390e-01
5.950000000000000178e+00 1.399521085649420571e-01
6.000000000000000000e+00 1.392490699817799105e-01
6.050000000000000711e+00 1.385117670005464041e-01
6.100000000000000533e+00 1.377421561972987374e-01
6.150000000000000355e+00 1.369421268505158218e-01
6.200000000000000178e+00 1.361135020063750645e-01
6.250000000000000000e+00 1.352580396434013010e-01
6.300000000000000711e+00 1.343774339208091972e-01
6.350000000000000533e+00 1.334733164964271857e-01
6.400000000000000355e+00 1.325472579015201657e-01
6.450000000000000178e+00 1.316007689611359277e-01
6.500000000000000000e+00 1.306353022497951100e-01
6.550000000000000711e+00 1.296522535734296599e-01
6.600000000000000533e+00 1.286529634694692226e-01
6.650000000000000355e+00 1.276387187178749660e-01
6.700000000000000178e+00 1.266107538567404767e-01
6.750000000000000000e+00 1.255702526968247301e-01
6.800000000000000711e+00 1.245183498300567460e-01
6.850000000000000533e+00 1.234561321276642087e-01
6.900000000000000355e+00 1.223846402241322295e-01
6.950000000000000178e+00 1.213048699836989097e-01
7.000000000000000000e+00 1.202177739465474515e-01
7.050000000000000711e+00 1.191242627522619141e-01
7.100000000000000533e+00 1.180252065384817528e-01
7.150000000000000355e+00 1.169214363130196555e-01
7.200000000000000178e+00 1.158137452980056575e-01
7.250000000000000000e+00 1.147028902448849752e-01
7.300000000000000711e+00 1.135895927193361632e-01
7.350000000000000533e+00 1.124745403553886192e-01
7.400000000000000355e+00 1.113583880782078595e-01
7.450000000000000178e+00 1.102417592951862590e-01
7.500000000000000000e+00 1.091252470551259818e-01
7.550000000000000711e+00 1.080094151754332904e-01
7.600000000000000533e+00 1.068947993373606936e-01
7.650000000000000355e+00 1.057819081494349167e-01
7.700000000000000178e+00 1.046712241792997350e-01
7.750000000000000000e+00 1.035632049542795086e-01
7.800000000000000711e+00 1.024582839310384241e-01
7.850000000000000533e+00 1.013568714347676675e-01
7.900000000000000355e+00 1.002593555683830018e-01
7.950000000000000178e+00 9.916610309225780406e-02
8.000000000000000000e+00 9.807746027505169495e-02
8.050000000000000711e+00 9.699375371622398490e-02
8.099999999999999645e+00 9.591529114084533514e-02
8.150000000000000355e+00 9.484236216733968328e-02
8.200000000000001066e+00 9.377523904880263883e-02
8.250000000000000000e+00 9.271417738855407265e-02
8.300000000000000711e+00 9.165941683058803635e-02
8.349999999999999645e+00 9.061118172558955963e-02
8.400000000000000355e+00 8.956968177318611057e-02
8.450000000000001066e+00 8.853511264110366930e-02
8.500000000000000000e+00 8.750765656189152253e-02
8.550000000000000711e+00 8.648748290787598714e-02
8.599999999999999645e+00 8.547474874499752517e-02
8.650000000000000355e+00 8.446959936617493003e-02
8.700000000000001066e+00 8.347216880483492030e-02
8.750000000000000000e+00 8.248258032923125316e-02
8.800000000000000711e+00 8.150094691816971160e-02
8.849999999999999645e+00 8.052737171874137234e-02
8.900000000000000355e+00 7.956194848665526509e-02
8.950000000000001066e+00 7.860476200974798877e-02
9.000000000000000000e+00 7.765588851523559655e-02
9.050000000000000711e+00 7.671539606125776789e-02
9.099999999999999645e+00 7.578334491325319777e-02
9.150000000000000355e+00 7.485978790568800778e-02
9.200000000000001066e+00 7.394477078964852013e-02
9.250000000000000000e+00 7.303833256679234665e-02
9.300000000000000711e+00 7.214050581014049002e-02
9.349999999999999645e+00 7.125131697217849946e-02
9.400000000000000355e+00 7.037078668071934662e-02
9.450000000000001066e+00 6.949893002297034827e-02
9.500000000000000000e+00 6.863575681822964292e-02
9.550000000000000711e+00 6.778127187962679212e-02
9.600000000000001421e+00 6.693547526530813085e-02
9.650000000000000355e+00 6.609836251945493124e-02
9.700000000000001066e+00 6.526992490350928822e-02
9.750000000000000000e+00 6.445014961797190800e-02
9.800000000000000711e+00 6.363902001512200535e-02
9.850000000000001421e+00 6.283651580299916273e-02
9.900000000000000355e+00 6.204261324097528479e-02
9.950000000000001066e+00 6.125728532723302699e-02
1.000000000000000000e+01 6.048050197845723092e-02
1.005000000000000071e+01 5.971223020203390852e-02
1.010000000000000142e+01 5.895243426104306017e-02
1.015000000000000036e+01 5.820107583231914905e-02
1.020000000000000107e+01 5.745811415784529003e-02
1.025000000000000000e+01 5.672350618973730219e-02
1.030000000000000071e+01 5.599720672906371988e-02
1.035000000000000142e+01 5.527916855874048796e-02
1.040000000000000036e+01 5.456934257072904720e-02
1.045000000000000107e+01 5.386767788775926463e-02
1.050000000000000000e+01 5.317412197979025368e-02
1.055000000000000071e+01 5.248862077541376764e-02
1.060000000000000142e+01 5.181111876839871594e-02
1.065000000000000036e+01 5.114155911956624889e-02
1.070000000000000107e+01 5.047988375417932633e-02
1.075000000000000000e+01 4.982603345502342740e-02
1.080000000000000071e+01 4.917994795134780772e-02
1.085000000000000142e+01 4.854156600383150583e-02
1.090000000000000036e+01 4.791082548573129263e-02
1.095000000000000107e+01 4.728766346036303997e-02
1.100000000000000000e+01 4.667201625506294665e-02
1.105000000000000071e+01 4.606381953176817701e-02
1.110000000000000142e+01 4.546300835435274079e-02
1.115000000000000036e+01 4.486951725284803877e-02
1.120000000000000107e+01 4.428328028467325844e-02
1.125000000000000000e+01 4.370423109299606534e-02
1.130000000000000071e+01 4.313230296233866445e-02
1.135000000000000142e+01 4.256742887154133653e-02
1.140000000000000036e+01 4.200954154418957281e-02
1.145000000000000107e+01 4.145857349660807961e-02
1.150000000000000000e+01 4.091445708352080268e-02
1.155000000000000071e+01 4.037712454147149993e-02
1.160000000000000142e+01 3.984650803009692765e-02
1.165000000000000036e+01 3.932253967134005657e-02
1.170000000000000107e+01 3.880515158668809694e-02
1.175000000000000000e+01 3.829427593251669842e-02
1.180000000000000071e+01 3.778984493361797065e-02
1.185000000000000142e+01 3.729179091498796561e-02
1.190000000000000036e+01 3.680004633194531444e-02
1.195000000000000107e+01 3.631454379865055315e-02
1.200000000000000000e+01 3.583521611509282723e-02
1.205000000000000071e+01 3.536199629260790983e-02
1.210000000000000142e+01 3.489481757798903322e-02
1.215000000000000036e+01 3.443361347624990937e-02
1.220000000000000107e+01 3.397831777209645715e-02
1.225000000000000000e+01 3.352886455016194922e-02
1.230000000000000071e+01 3.308518821405810606e-02
1.235000000000000142e+01 3.264722350429253434e-02
1.240000000000000036e+01 3.221490551510055450e-02
1.245000000000000107e+01 3.178816971023860211e-02
1.250000000000000000e+01 3.136695193778308438e-02
1.255000000000000071e+01 3.095118844397820243e-02
1.260000000000000142e+01 3.054081588617374443e-02
1.265000000000000036e+01 3.013577134489228010e-02
1.270000000000000107e+01 2.973599233506394462e-02
1.275000000000000000e+01 2.934141681646538699e-02
1.280000000000000071e+01 2.895198320339760142e-02
1.285000000000000142e+01 2.856763037363675706e-02
1.290000000000000036e+01 2.818829767668997593e-02
1.295000000000000107e+01 2.781392494138719071e-02
1.300000000000000000e+01 2.744445248283912397e-02
1.305000000000000071e+01 2.707982110878948828e-02
1.310000000000000142e+01 2.671997212538950589e-02
1.315000000000000036e+01 2.636484734242050890e-02
1.320000000000000107e+01 2.601438907799021386e-02
1.325000000000000000e+01 2.566854016272716518e-02
1.330000000000000071e+01 2.532724394349607222e-02
1.335000000000000142e+01 2.499044428665706669e-02
1.340000000000000036e+01 2.465808558088982555e-02
1.345000000000000107e+01 2.433011273960345236e-02
1.350000000000000000e+01 2.400647120295188938e-02
1.355000000000000071e+01 2.368710693947350190e-02
1.360000000000000142e+01 2.337196644737357665e-02
1.365000000000000036e+01 2.306099675546658540e-02
1.370000000000000107e+01 2.275414542379537719e-02
1.375000000000000000e+01 2.245136054394327244e-02
1.380000000000000071e+01 2.215259073905422732e-02
1.385000000000000142e+01 2.185778516357621964e-02
1.390000000000000036e+01 2.156689350274166445e-02
1.395000000000000107e+01 2.127986597179857414e-02
1.400000000000000000e+01 2.099665331500566792e-02
1.405000000000000071e+01 2.071720680440341730e-02
1.410000000000000142e+01 2.044147823837365319e-02
1.415000000000000036e+01 2.016941993999850358e-02
1.420000000000000107e+01 1.990098475523019092e-02
1.425000000000000000e+01 1.963612605088197252e-02
1.430000000000000071e+01 1.937479771245019175e-02
1.435000000000000142e+01 1.911695414177747715e-02
1.440000000000000036e+01 1.886255025456589143e-02
1.445000000000000107e+01 1.861154147774920359e-02
1.450000000000000000e+01 1.836388374673270443e-02
1.455000000000000071e+01 1.811953350250851413e-02
1.460000000000000142e+01 1.787844768865448283e-02
1.465000000000000036e+01 1.764058374822376207e-02
1.470000000000000107e+01 1.740589962053245426e-02
1.475000000000000000e+01 1.717435373785198768e-02
1.480000000000000071e+01 1.694590502201281587e-02
1.485000000000000142e+01 1.672051288092567603e-02
1.490000000000000036e+01 1.649813720502625938e-02
1.495000000000000107e+01 1.627873836364915339e-02
1.500000000000000000e+01 1.606227720133643344e-02
1.505000000000000071e+01 1.584871503408600071e-02
1.510000000000000142e+01 1.563801364554487372e-02
1.515000000000000036e+01 1.543013528315198557e-02
1.520000000000000107e+01 1.522504265423507176e-02
1.525000000000000000e+01 1.502269892206608420e-02
1.530000000000000071e+01 1.482306770187909704e-02
1.535000000000000142e+01 1.462611305685481908e-02
1.540000000000000036e+01 1.443179949407530187e-02
1.545000000000000107e+01 1.424009196045265824e-02
1.550000000000000000e+01 1.405095583863495007e-02
1.555000000000000071e+01 1.386435694289269403e-02
1.560000000000000142e+01 1.368026151498910950e-02
1.565000000000000036e+01 1.349863622003686335e-02
1.570000000000000107e+01 1.331944814234432665e-02
1.575000000000000000e+01 1.314266478125400602e-02
1.580000000000000071e+01 1.296825404697553308e-02
1.585000000000000142e+01 1.279618425641586808e-02
1.590000000000000036e+01 1.262642412900885462e-02
1.595000000000000107e+01 1.245894278254631136e-02
1.600000000000000000e+01 1.229370972901291242e-02
1.605000000000000071e+01 1.213069487042658760e-02
1.610000000000000142e+01 1.196986849468651901e-02
1.615000000000000213e+01 1.181120127143031259e-02
1.619999999999999929e+01 1.165466424790226156e-02
1.625000000000000000e+01 1.150022884483394014e-02
1.630000000000000071e+01 1.134786685233911234e-02
1.635000000000000142e+01 1.119755042582385070e-02
1.640000000000000213e+01 1.104925208191358081e-02
1.644999999999999929e+01 1.090294469439817560e-02
1.650000000000000000e+01 1.075860149019621827e-02
1.655000000000000071e+01 1.061619604533976975e-02
1.660000000000000142e+01 1.047570228098045932e-02
1.665000000000000213e+01 1.033709445941799650e-02
1.669999999999999929e+01 1.020034718015210007e-02
1.675000000000000000e+01 1.006543537595850496e-02
1.680000000000000071e+01 9.932334308990160843e-03
1.685000000000000142e+01 9.801019566904094205e-03
1.690000000000000213e+01 9.671467059014804760e-03
1.694999999999999929e+01 9.543653012474843239e-03
1.700000000000000000e+01 9.417553968483082308e-03
1.705000000000000071e+01 9.293146778521438681e-03
1.710000000000000142e+01 9.170408600620348280e-03
1.715000000000000213e+01 9.049316895653634549e-03
1.719999999999999929e+01 8.929849423663151556e-03
1.725000000000000000e+01 8.811984240213644251e-03
1.730000000000000071e+01 8.695699692778101689e-03
1.735000000000000142e+01 8.580974417154161801e-03
1.740000000000000213e+01 8.467787333911486192e-03
1.744999999999999929e+01 8.356117644870882100e-03
1.750000000000000000e+01 8.245944829614907864e-03
1.755000000000000071e+01 8.137248642030508322e-03
1.760000000000000142e+01 8.030009106883874426e-03
1.765000000000000213e+01 7.924206516427329330e-03
1.769999999999999929e+01 7.819821427038919220e-03
1.775000000000000000e+01 7.716834655894267390e-03
1.780000000000000071e+01 7.615227277671257969e-03
1.785000000000000142e+01 7.514980621287279533e-03
1.790000000000000213e+01 7.416076266669235049e-03
1.794999999999999929e+01 7.318496041556396201e-03
1.800000000000000000e+01 7.222222018335843624e-03
1.805000000000000071e+01 7.127236510910916339e-03
1.810000000000000142e+01 7.033522071602221933e-03
1.815000000000000213e+01 6.941061488081416535e-03
1.819999999999999929e+01 6.849837780337712963e-03
1.825000000000000000e+01 6.759834197676803033e-03
1.830000000000000071e+01 6.671034215752466405e-03
1.835000000000000142e+01 6.583421533630480840e-03
1.840000000000000213e+01 6.496980070884865108e-03
1.844999999999999929e+01 6.411693964726331366e-03
1.850000000000000000e+01 6.327547567162720640e-03
1.855000000000000071e+01 6.244525442191495128e-03
1.860000000000000142e+01 6.162612363023861443e-03
1.865000000000000213e+01 6.081793309340603748e-03
1.869999999999999929e+01 6.002053464579316239e-03
1.875000000000000000e+01 5.923378213252962141e-03
1.880000000000000071e+01 5.845753138299452159e-03
1.885000000000000142e+01 5.769164018462243256e-03
1.890000000000000213e+01 5.693596825701539681e-03
1.894999999999999929e+01 5.619037722636097132e-03
1.900000000000000000e+01 5.545473060015276151e-03
1.905000000000000071e+01 5.472889374221193842e-03
1.910000000000000142e+01 5.401273384800852478e-03
1.915000000000000213e+01 5.330611992027753203e-03
1.920000000000000284e+01 5.260892274493111920e-03
1.925000000000000000e+01 5.192101486726189916e-03
1.930000000000000071e+01 5.124227056843582220e-03
1.935000000000000142e+01 5.057256584227355287e-03
1.940000000000000213e+01 4.991177837231497091e-03
1.945000000000000284e+01 4.925978750916811498e-03
1.950000000000000000e+01 4.861647424813686155e-03
1.955000000000000071e+01 4.798172120712675820e-03
1.960000000000000142e+01 4.735541260482632221e-03
1.965000000000000213e+01 4.673743423915998826e-03
1.970000000000000284e+01 4.612767346601244489e-03
1.975000000000000000e+01 4.552601917821933776e-03
1.980000000000000071e+01 4.493236178482359379e-03
1.985000000000000142e+01 4.434659319059478140e-03
1.990000000000000213e+01 4.376860677580672772e-03
1.995000000000000284e+01 4.319829737627461572e-03
2.000000000000000000e+01 4.637921154892555090e-03
2.005000000000000071e+01 4.595359876955119882e-03
2.010000000000000142e+01 4.553162341765651724e-03
2.015000000000000213e+01 4.511325670279632202e-03
2.020000000000000284e+01 4.469847004420558420e-03
2.025000000000000000e+01 4.428723506940510264e-03
2.030000000000000071e+01 4.387952361281538191e-03
2.035000000000000142e+01 4.347530771437913173e-03
2.040000000000000213e+01 4.307455961819178954e-03
2.045000000000000284e+01 4.267725177114047377e-03
2.050000000000000000e+01 4.228335682155108174e-03
2.055000000000000071e+01 4.189284761784347125e-03
2.060000000000000142e+01 4.150569720719499492e-03
2.065000000000000213e+01 4.112187883421187552e-03
2.070000000000000284e+01 4.074136593960874311e-03
2.075000000000000000e+01 4.036413215889614325e-03
2.080000000000000071e+01 3.999015132107584282e-03
2.085000000000000142e+01 3.961939744734440175e-03
2.090000000000000213e+01 3.925184474980422146e-03
2.095000000000000284e+01 3.888746763018261204e-03
2.100000000000000000e+01 3.852624067855860927e-03
2.105000000000000071e+01 3.816813867209742014e-03
2.110000000000000142e+01 3.781313657379280040e-03
2.115000000000000213e+01 3.746120953121683059e-03
2.120000000000000284e+01 3.711233287527741613e-03
2.125000000000000000e+01 3.676648211898339829e-03
2.130000000000000071e+01 3.642363295621698152e-03
2.135000000000000142e+01 3.608376126051399731e-03
2.140000000000000213e+01 3.574684308385127612e-03
2.145000000000000284e+01 3.541285465544163034e-03
2.150000000000000000e+01 3.508177238053607986e-03
2.155000000000000071e+01 3.475357283923343702e-03
2.160000000000000142e+01 3.442823278529726430e-03
2.165000000000000213e+01 3.410572914497993994e-03
2.170000000000000284e+01 3.378603901585399642e-03
2.175000000000000000e+01 3.346913966565062768e-03
2.180000000000000071e+01 3.315500853110523501e-03
2.185000000000000142e+01 3.284362321681021102e-03
2.190000000000000213e+01 3.253496149407468854e-03
2.195000000000000284e+01 3.222900129979120679e-03
2.200000000000000000e+01 3.192572073530952452e-03
2.205000000000000071e+01 3.162509806531719429e-03
2.210000000000000142e+01 3.132711171672720573e-03
2.215000000000000213e+01 3.103174027757229884e-03
2.220000000000000284e+01 3.073896249590623783e-03
2.225000000000000000e+01 3.044875727871181135e-03
2.230000000000000071e+01 3.016110369081547241e-03
2.235000000000000142e+01 2.987598095380895186e-03
2.240000000000000213e+01 2.959336844497722965e-03
2.245000000000000284e+01 2.931324569623335822e-03
2.250000000000000000e+01 2.903559239305977813e-03
2.255000000000000071e+01 2.876038837345613452e-03
2.260000000000000142e+01 2.848761362689385471e-03
2.265000000000000213e+01 2.821724829327691437e-03
2.270000000000000284e+01 2.794927266190925207e-03
2.275000000000000000e+01 2.768366717046851118e-03
2.280000000000000071e+01 2.742041240398616127e-03
2.285000000000000142e+01 2.715948909383403363e-03
2.290000000000000213e+01 2.690087811671708004e-03
2.295000000000000284e+01 2.664456049367242441e-03
2.300000000000000000e+01 2.639051738907471564e-03
2.305000000000000071e+01 2.613873010964751741e-03
2.310000000000000142e+01 2.588918010348111205e-03
2.315000000000000213e+01 2.564184895905621993e-03
2.320000000000000284e+01 2.539671840427392031e-03
2.325000000000000000e+01 2.515377030549163957e-03
2.330000000000000071e+01 2.491298666656506337e-03
2.335000000000000142e+01 2.467434962789624622e-03
2.340000000000000213e+01 2.443784146548751493e-03
2.345000000000000284e+01 2.420344459000133095e-03
2.350000000000000000e+01 2.397114154582613305e-03
2.355000000000000071e+01 2.374091501014790034e-03
2.360000000000000142e+01 2.351274779202772169e-03
2.365000000000000213e+01 2.328662283148502047e-03
2.370000000000000284e+01 2.306252319858660780e-03
2.375000000000000000e+01 2.284043209254149522e-03
2.380000000000000071e+01 2.262033284080126275e-03
2.385000000000000142e+01 2.240220889816632067e-03
2.390000000000000213e+01 2.218604384589765739e-03
2.395000000000000284e+01 2.197182139083418608e-03
2.400000000000000000e+01 2.175952536451576397e-03
2.405000000000000071e+01 2.154913972231161951e-03
2.410000000000000142e+01 2.134064854255443046e-03
2.415000000000000213e+01 2.113403602567980998e-03
2.420000000000000284e+01 2.092928649337119640e-03
2.425000000000000000e+01 2.072638438771026367e-03
2.430000000000000071e+01 2.052531427033261850e-03
2.435000000000000142e+01 2.032606082158894007e-03
2.440000000000000213e+01 2.012860883971138905e-03
2.445000000000000284e+01 1.993294323998532052e-03
2.450000000000000000e+01 1.973904905392630509e-03
2.455000000000000071e+01 1.954691142846226755e-03
2.460000000000000142e+01 1.935651562512101824e-03
2.465000000000000213e+01 1.916784701922279351e-03
2.470000000000000284e+01 1.898089109907802850e-03
2.475000000000000000e+01 1.879563346519020836e-03
2.480000000000000071e+01 1.861205982946381298e-03
2.485000000000000142e+01 1.843015601441738574e-03
2.490000000000000213e+01 1.824990795240152451e-03
2.495000000000000284e+01 1.807130168482194233e-03
2.500000000000000000e+01 1.789432336136749816e-03
2.505000000000000071e+01 1.771895923924312602e-03
2.510000000000000142e+01 1.754519568240774921e-03
2.515000000000000213e+01 1.737301916081704324e-03
2.520000000000000284e+01 1.720241624967104067e-03
2.525000000000000000e+01 1.703337362866659977e-03
2.530000000000000071e+01 1.686587808125464358e-03
2.535000000000000142e+01 1.669991649390224547e-03
2.540000000000000213e+01 1.653547585535937881e-03
2.545000000000000284e+01 1.637254325593044159e-03
2.550000000000000000e+01 1.621110588675043866e-03
2.555000000000000071e+01 1.605115103906585867e-03
2.560000000000000142e+01 1.589266610352019779e-03
2.565000000000000213e+01 1.573563856944408708e-03
2.570000000000000284e+01 1.558005602414997554e-03
2.575000000000000000e+01 1.542590615223142112e-03
2.580000000000000071e+01 1.527317673486688118e-03
2.585000000000000142e+01 1.512185564912804561e-03
2.590000000000000213e+01 1.497193086729260887e-03
2.595000000000000284e+01 1.482339045616155437e-03
2.600000000000000000e+01 1.467622257638079297e-03
2.605000000000000071e+01 1.453041548176724684e-03
2.610000000000000142e+01 1.438595751863936973e-03
2.615000000000000213e+01 1.424283712515189790e-03
2.620000000000000284e+01 1.410104283063502890e-03
2.625000000000000000e+01 1.396056325493786341e-03
2.630000000000000071e+01 1.382138710777609933e-03
2.635000000000000142e+01 1.368350318808405621e-03
2.640000000000000213e+01 1.354690038337085650e-03
2.645000000000000284e+01 1.341156766908081126e-03
2.650000000000000000e+01 1.327749410795805171e-03
2.655000000000000071e+01 1.314466884941521566e-03
2.660000000000000142e+01 1.301308112890637095e-03
2.665000000000000213e+01 1.288272026730394836e-03
2.670000000000000284e+01 1.275357567027983778e-03
2.675000000000000000e+01 1.262563682769047213e-03
2.680000000000000071e+01 1.249889331296595747e-03
2.685000000000000142e+01 1.237333478250330363e-03
2.690000000000000213e+01 1.224895097506351017e-03
2.695000000000000284e+01 1.212573171117267701e-03
2.700000000000000000e+01 1.200366689252710915e-03
2.705000000000000071e+01 1.188274650140219452e-03
2.710000000000000142e+01 1.176296060006533665e-03
2.715000000000000213e+01 1.164429933019266693e-03
2.720000000000000284e+01 1.152675291228959708e-03
2.725000000000000000e+01 1.141031164511525746e-03
2.730000000000000071e+01 1.129496590511067794e-03
2.735000000000000142e+01 1.118070614583078310e-03
2.740000000000000213e+01 1.106752289738013872e-03
2.745000000000000284e+01 1.095540676585244092e-03
2.750000000000000000e+01 1.084434843277368729e-03
2.755000000000000071e+01 1.073433865454905814e-03
2.760000000000000142e+01 1.062536826191351003e-03
2.765000000000000213e+01 1.051742815938594509e-03
2.770000000000000284e+01 1.041050932472703831e-03
2.775000000000000000e+01 1.030460280840068835e-03
2.780000000000000071e+01 1.019969973303900927e-03
2.785000000000000142e+01 1.009579129291093055e-03
2.790000000000000213e+01 9.992868753394314185e-04
2.795000000000000284e+01 9.890923450451567355e-04
2.800000000000000000e+01 9.789946790108806831e-04
2.805000000000000071e+01 9.689930247938454951e-04
2.810000000000000142e+01 9.590865368545316945e-04
2.815000000000000213e+01 9.492743765056081088e-04
2.820000000000000284e+01 9.395557118612261199e-04
2.825000000000000000e+01 9.299297177866484984e-04
2.830000000000000071e+01 9.203955758482195446e-04
2.835000000000000142e+01 9.109524742636714413e-04
2.840000000000000213e+01 9.015996078527607456e-04
2.845000000000000284e+01 8.923361779882376223e-04
2.850000000000000000e+01 8.831613925471471687e-04
2.855000000000000071e+01 8.740744658624515547e-04
2.860000000000000142e+01 8.650746186749868564e-04
2.865000000000000213e+01 8.561610780857366928e-04
2.870000000000000284e+01 8.473330775084272209e-04
2.875000000000000000e+01 8.385898566224480417e-04
2.880000000000000071e+01 8.299306613260824285e-04
2.885000000000000142e+01 8.213547436900615157e-04
2.890000000000000213e+01 8.128613619114252080e-04
2.895000000000000284e+01 8.044497802677015195e-04
2.900000000000000000e+01 7.961192690713912246e-04
2.905000000000000071e+01 7.878691046247602052e-04
2.910000000000000142e+01 7.796985691749459997e-04
2.915000000000000213e+01 7.716069508693590385e-04
2.920000000000000284e+01 7.635935437113901660e-04
2.925000000000000000e+01 7.556576475164247754e-04
2.930000000000000071e+01 7.477985678681434980e-04
2.935000000000000142e+01 7.400156160751338421e-04
2.940000000000000213e+01 7.323081091277870843e-04
2.945000000000000284e+01 7.246753696554937519e-04
2.950000000000000000e+01 7.171167258841293444e-04
2.955000000000000071e+01 7.096315115938286707e-04
2.960000000000000142e+01 7.022190660770536797e-04
2.965000000000000213e+01 6.948787340969391716e-04
2.970000000000000284e+01 6.876098658459338462e-04
2.975000000000000000e+01 6.804118169047131603e-04
2.980000000000000071e+01 6.732839482013812339e-04
2.985000000000000142e+01 6.662256259709521547e-04
2.990000000000000213e+01 6.592362217151030929e-04
2.995000000000000284e+01 6.523151121622096328e-04
3.000000000000000000e+01 6.454616792276533484e-04
3.005000000000000071e+01 6.386753099743993451e-04
3.010000000000000142e+01 6.319553965738521160e-04
3.015000000000000213e+01 6.253013362669720401e-04
3.020000000000000284e+01 6.187125313256665099e-04
3.025000000000000000e+01 6.121883890144421336e-04
3.030000000000000071e+01 6.057283215523254953e-04
3.035000000000000142e+01 5.993317460750434726e-04
3.040000000000000213e+01 5.929980845974676656e-04
3.045000000000000284e+01 5.867267639763150237e-04
3.050000000000000000e+01 5.805172158731111741e-04
3.055000000000000071e+01 5.743688767174032249e-04
3.060000000000000142e+01 5.682811876702347290e-04
3.065000000000000213e+01 5.622535945878684958e-04
3.070000000000000284e+01 5.562855479857653843e-04
3.075000000000000000e+01 5.503765030028077987e-04
3.080000000000000071e+01 5.445259193657758052e-04
3.085000000000000142e+01 5.387332613540721802e-04
3.090000000000000213e+01 5.329979977646833811e-04
3.095000000000000284e+01 5.273196018773983413e-04
3.100000000000000000e+01 5.216975514202571145e-04
3.105000000000000071e+01 5.161313285352466104e-04
3.110000000000000142e+01 5.106204197442361543e-04
3.115000000000000213e+01 5.051643159151474527e-04
3.120000000000000284e+01 4.997625122283639492e-04
3.125000000000000000e+01 4.944145081433756706e-04
3.130000000000000071e+01 4.891198073656507789e-04
3.135000000000000142e+01 4.838779178137502012e-04
3.140000000000000213e+01 4.786883515866637625e-04
3.145000000000000284e+01 4.735506249313782296e-04
3.150000000000000000e+01 4.684642582106755848e-04
3.155000000000000071e+01 4.634287758711511758e-04
3.160000000000000142e+01 4.584437064114656743e-04
3.165000000000000213e+01 4.535085823508114896e-04
3.170000000000000284e+01 4.486229401976065388e-04
3.175000000000000000e+01 4.437863204184082735e-04
3.180000000000000071e+01 4.389982674070440046e-04
3.185000000000000142e+01 4.342583294539607234e-04
3.190000000000000213e+01 4.295660587157945826e-04
3.195000000000000284e+01 4.249210111851470803e-04
3.200000000000000000e+01 4.203227466605867035e-04
3.205000000000000426e+01 4.157708287168494147e-04
3.210000000000000142e+01 4.112648246752640562e-04
3.214999999999999858e+01 4.068043055743745910e-04
3.220000000000000284e+01 4.023888461407798892e-04
3.225000000000000000e+01 3.980180247601783740e-04
3.230000000000000426e+01 3.936914234486124870e-04
3.235000000000000142e+01 3.894086278239286916e-04
3.239999999999999858e+01 3.851692270774290019e-04
3.245000000000000284e+01 3.809728139457311657e-04
3.250000000000000000e+01 3.768189846828301839e-04
3.255000000000000426e+01 3.727073390323526556e-04
3.260000000000000142e+01 3.686374802000174462e-04
3.264999999999999858e+01 3.646090148262833269e-04
3.270000000000000284e+01 3.606215529592021241e-04
3.275000000000000000e+01 3.566747080274607919e-04
3.280000000000000426e+01 3.527680968136138692e-04
3.285000000000000142e+01 3.489013394275151600e-04
3.289999999999999858e+01 3.450740592799319932e-04
3.295000000000000284e+01 3.412858830563534999e-04
3.300000000000000000e+01 3.375364406909880303e-04
3.305000000000000426e+01 3.338253653409417403e-04
3.310000000000000142e+01 3.301522933605889739e-04
3.314999999999999858e+01 3.265168642761222435e-04
3.320000000000000284e+01 3.229187207602885845e-04
3.325000000000000000e+01 3.193575086073090316e-04
3.330000000000000426e+01 3.158328767079733026e-04
3.335000000000000142e+01 3.123444770249215064e-04
3.339999999999999858e+01 3.088919645680976976e-04
3.345000000000000284e+01 3.054749973703860646e-04
3.350000000000000000e+01 3.020932364634223793e-04
3.355000000000000426e+01 2.987463458535764794e-04
3.360000000000000142e+01 2.954339924981144033e-04
3.364999999999999858e+01 2.921558462815303106e-04
3.370000000000000284e+01 2.889115799920492734e-04
3.375000000000000000e+01 2.857008692983055453e-04
3.380000000000000426e+01 2.825233927261830815e-04
3.385000000000000142e+01 2.793788316358313201e-04
3.389999999999999858e+01 2.762668701988437022e-04
3.395000000000000284e+01 2.731871953756039723e-04
3.400000000000000000e+01 2.701394968928005837e-04
3.405000000000000426e+01 2.671234672210983686e-04
3.410000000000000142e+01 2.641388015529803185e-04
3.414999999999999858e+01 2.611851977807465742e-04
3.420000000000000284e+01 2.582623564746760461e-04
3.425000000000000000e+01 2.553699808613499062e-04
3.430000000000000426e+01 2.525077768021284402e-04
3.435000000000000142e+01 2.496754527717915057e-04
3.439999999999999858e+01 2.468727198373322422e-04
3.445000000000000284e+01 2.440992916369067172e-04
3.450000000000000000e+01 2.413548843589411331e-04
3.455000000000000426e+01 2.386392167213876247e-04
3.460000000000000142e+01 2.359520099511381057e-04
3.464999999999999858e+01 2.332929877635849978e-04
3.470000000000000284e+01 2.306618763423357813e-04
3.475000000000000000e+01 2.280584043190773274e-04
3.480000000000000426e+01 2.254823027535853247e-04
3.485000000000000142e+01 2.229333051138859270e-04
3.489999999999999858e+01 2.204111472565602723e-04
3.495000000000000284e+01 2.179155674071972125e-04
3.500000000000000000e+01 2.154463061409912165e-04
3.505000000000000426e+01 2.130031063634796220e-04
3.510000000000000142e+01 2.105857132914298587e-04
3.514999999999999858e+01 2.081938744338616000e-04
3.520000000000000284e+01 2.058273395732136029e-04
3.525000000000000000e+01 2.034858607466524414e-04
3.530000000000000426e+01 2.011691922275136220e-04
3.535000000000000142e+01 1.988770905068883068e-04
3.539999999999999858e+01 1.966093142753425266e-04
3.545000000000000284e+01 1.943656244047744402e-04
3.550000000000000000e+01 1.921457839304073077e-04
3.555000000000000426e+01 1.899495580329156055e-04
3.560000000000000142e+01 1.877767140206861496e-04
3.564999999999999858e+01 1.856270213122112494e-04
3.570000000000000284e+01 1.835002514186131843e-04
3.575000000000000000e+01 1.813961779263023090e-04
3.580000000000000426e+01 1.793145764797601663e-04
3.585000000000000142e+01 1.772552247644576659e-04
3.589999999999999858e+01 1.752179024898966166e-04
3.595000000000000284e+01 1.732023913727818792e-04
3.600000000000000000e+01 1.712084751203198009e-04
3.605000000000000426e+01 1.692359394136397344e-04
3.610000000000000142e+01 1.672845718913444678e-04
3.614999999999999858e+01 1.653541621331813816e-04
3.620000000000000284e+01 1.634445016438386400e-04
3.625000000000000000e+01 1.615553838368635460e-04
3.630000000000000426e+01 1.596866040187017838e-04
3.635000000000000142e+01 1.578379593728584452e-04
3.639999999999999858e+01 1.560092489441773146e-04
3.645000000000000284e+01 1.542002736232412057e-04
3.650000000000000000e+01 1.524108361308904491e-04
3.655000000000000426e+01 1.506407410028562507e-04
3.660000000000000142e+01 1.488897945745146678e-04
3.664999999999999858e+01 1.471578049657533156e-04
3.670000000000000284e+01 1.454445820659546786e-04
3.675000000000000000e+01 1.437499375190944299e-04
3.680000000000000426e+01 1.420736847089511246e-04
3.685000000000000142e+01 1.404156387444306555e-04
3.689999999999999858e+01 1.387756164450022745e-04
3.695000000000000284e+01 1.371534363262449843e-04
3.700000000000000000e+01 1.355489185855058480e-04
3.705000000000000426e+01 1.339618850876667187e-04
3.710000000000000142e+01 1.323921593510211502e-04
3.714999999999999858e+01 1.308395665332579949e-04
3.720000000000000284e+01 1.293039334175540977e-04
3.725000000000000000e+01 1.277850883987738395e-04
3.730000000000000426e+01 1.262828614697722755e-04
3.735000000000000142e+01 1.247970842078066395e-04
3.739999999999999858e+01 1.233275897610506579e-04
3.745000000000000284e+01 1.218742128352127166e-04
3.750000000000000000e+01 1.204367896802585044e-04
3.755000000000000426e+01 1.190151580772342432e-04
3.760000000000000142e+01 1.176091573251933511e-04
3.764999999999999858e+01 1.162186282282226080e-04
3.770000000000000284e+01 1.148434130825697758e-04
3.775000000000000000e+01 1.134833556638707480e-04
3.780000000000000426e+01 1.121383012144747658e-04
3.785000000000000142e+01 1.108080964308690274e-04
3.789999999999999858e+01 1.094925894511995221e-04
3.795000000000000284e+01 1.081916298428901586e-04
3.800000000000000000e+01 1.069050685903581862e-04
3.805000000000000426e+01 1.056327580828223949e-04
3.810000000000000142e+01 1.043745521022106158e-04
3.814999999999999858e+01 1.031303058111576303e-04
3.820000000000000284e+01 1.018998757410986106e-04
3.825000000000000000e+01 1.006831197804552736e-04
3.830000000000000426e+01 9.947989716291347326e-05
3.835000000000000142e+01 9.829006845579353331e-05
3.840000000000000568e+01 9.711349554851070396e-05
3.845000000000000284e+01 9.595004164112636643e-05
3.850000000000000000e+01 9.479957123298877900e-05
3.855000000000000426e+01 9.366195011146303943e-05
3.860000000000000142e+01 9.253704534074970792e-05
3.865000000000000568e+01 9.142472525079034247e-05
3.870000000000000284e+01 9.032485942626187103e-05
3.875000000000000000e+01 8.923731869565591096e-05
3.880000000000000426e+01 8.816197512044471611e-05
3.885000000000000142e+01 8.709870198433350788e-05
3.890000000000000568e+01 8.604737378259536809e-05
3.895000000000000284e+01 8.500786621149322058e-05
3.900000000000000000e+01 8.398005615778220622e-05
3.905000000000000426e+01 8.296382168829776426e-05
3.910000000000000142e+01 8.195904203962487962e-05
3.915000000000000568e+01 8.096559760784879456e-05
3.920000000000000284e+01 7.998336993838856684e-05
3.925000000000000000e+01 7.901224171590906997e-05
3.930000000000000426e+01 7.805209675431505395e-05
3.935000000000000142e+01 7.710281998682391919e-05
3.940000000000000568e+01 7.616429745611690526e-05
3.945000000000000284e+01 7.523641630457057836e-05
3.950000000000000000e+01 7.431906476456329148e-05
3.955000000000000426e+01 7.341213214886153655e-05
3.960000000000000142e+01 7.251550884108210956e-05
3.965000000000000568e+01 7.162908628622966835e-05
3.970000000000000284e+01 7.075275698131172945e-05
3.975000000000000000e+01 6.988641446602664544e-05
3.980000000000000426e+01 6.902995331352765253e-05
3.985000000000000142e+01 6.818326912126094206e-05
3.990000000000000568e+01 6.734625850187614317e-05
3.995000000000000284e+01 6.651881907421112756e-05
4.000000000000000000e+01 6.570084945434768032e-05
4.005000000000000426e+01 6.489224924674105927e-05
4.010000000000000142e+01 6.409291903541968849e-05
4.015000000000000568e+01 6.330276037525514891e-05
4.020000000000000284e+01 6.252167578330466134e-05
4.025000000000000000e+01 6.174956873022137275e-05
4.030000000000000426e+01 6.098634363173505477e-05
4.035000000000000142e+01 6.023190584020168288e-05
4.040000000000000568e+01 5.948616163622096796e-05
4.045000000000000284e+01 5.874901822032196897e-05
4.050000000000000000e+01 5.802038370471635306e-05
4.055000000000000426e+01 5.730016710511788694e-05
4.060000000000000142e+01 5.658827833262939939e-05
4.065000000000000568e+01 5.588462818569466727e-05
4.070000000000000284e+01 5.518912834211581436e-05
4.075000000000000000e+01 5.450169135113686693e-05
4.080000000000000426e+01 5.382223062559036238e-05
4.085000000000000142e+01 5.315066043410861024e-05
4.090000000000000568e+01 5.248689589339869751e-05
4.095000000000000284e+01 5.183085296058073682e-05
4.100000000000000000e+01 5.118244842558748042e-05
4.105000000000000426e+01 5.054159990362775990e-05
4.110000000000000142e+01 4.990822582771135938e-05
4.115000000000000568e+01 4.928224544123346569e-05
4.120000000000000284e+01 4.866357879062289000e-05
4.125000000000000000e+01 4.805214671804733866e-05
4.130000000000000426e+01 4.744787085418156121e-05
4.135000000000000142e+01 4.685067361103355721e-05
4.140000000000000568e+01 4.626047817482925557e-05
4.145000000000000284e+01 4.567720849895770589e-05
4.150000000000000000e+01 4.510078929697237048e-05
4.155000000000000426e+01 4.453114603565151215e-05
4.160000000000000142e+01 4.396820492811606506e-05
4.165000000000000568e+01 4.341189292700294223e-05
4.170000000000000284e+01 4.286213771769661885e-05
4.175000000000000000e+01 4.231886771161545425e-05
4.180000000000000426e+01 4.178201203955450089e-05
4.185000000000000142e+01 4.125150054508314672e-05
4.190000000000000568e+01 4.072726377799746928e-05
4.195000000000000284e+01 4.020923298782770773e-05
4.200000000000000000e+01 3.969734011739883389e-05
4.205000000000000426e+01 3.919151779644513666e-05
4.210000000000000142e+01 3.869169933527878637e-05
4.215000000000000568e+01 3.819781871850957326e-05
4.220000000000000284e+01 3.770981059881860556e-05
4.225000000000000000e+01 3.722761029078327659e-05
4.230000000000000426e+01 3.675115376475405007e-05
4.235000000000000142e+01 3.628037764078263658e-05
4.240000000000000568e+01 3.581521918260070059e-05
4.245000000000000284e+01 3.535561629164949793e-05
4.250000000000000000e+01 3.490150750115912902e-05
4.255000000000000426e+01 3.445283197027811269e-05
4.260000000000000142e+01 3.400952947825208104e-05
4.265000000000000568e+01 3.357154041865086373e-05
4.270000000000000284e+01 3.313880579364559452e-05
4.275000000000000000e+01 3.271126720833246568e-05
4.280000000000000426e+01 3.228886686510548155e-05
4.285000000000000142e+01 3.187154755807670016e-05
4.290000000000000568e+01 3.145925266754260084e-05
4.295000000000000284e+01 3.105192615449896992e-05
4.300000000000000000e+01 3.064951255520053009e-05
4.305000000000000426e+01 3.025195697576776643e-05
4.310000000000000142e+01 2.985920508683932617e-05
4.315000000000000568e+01 2.947120311826954841e-05
4.320000000000000284e+01 2.908789785387121525e-05
4.325000000000000000e+01 2.870923662620310411e-05
4.330000000000000426e+01 2.833516731140188060e-05
4.335000000000000142e+01 2.796563832405799641e-05
4.340000000000000568e+01 2.760059861213529076e-05
4.345000000000000284e+01 2.723999765193404115e-05
4.350000000000000000e+01 2.688378544309702998e-05
4.355000000000000426e+01 2.653191250365820661e-05
4.360000000000000142e+01 2.618432986513406370e-05
4.365000000000000568e+01 2.584098906765664011e-05
4.370000000000000284e+01 2.550184215514868569e-05
4.375000000000000000e+01 2.516684167053993092e-05
4.380000000000000426e+01 2.483594065102457313e-05
4.385000000000000142e+01 2.450909262335972528e-05
4.390000000000000568e+01 2.418625159920398699e-05
4.395000000000000284e+01 2.386737207049655451e-05
4.400000000000000000e+01 2.355240900487580249e-05
4.405000000000000426e+01 2.324131784113763900e-05
4.410000000000000142e+01 2.293405448473347802e-05
4.415000000000000568e+01 2.263057530330590816e-05
4.420000000000000284e+01 2.233083712226470406e-05
4.425000000000000000e+01 2.203479722039984275e-05
4.430000000000000426e+01 2.174241332553286031e-05
4.435000000000000142e+01 2.145364361020665349e-05
4.440000000000000568e+01 2.116844668741163271e-05
4.445000000000000284e+01 2.088678160634998814e-05
4.450000000000000000e+01 2.060860784823616127e-05
4.455000000000000426e+01 2.033388532213420321e-05
4.460000000000000142e+01 2.006257436083163658e-05
4.465000000000000568e+01 1.979463571674874381e-05
4.470000000000000284e+01 1.953003055788414568e-05
4.475000000000000000e+01 1.926872046379558931e-05
4.480000000000000426e+01 1.901066742161585079e-05
4.485000000000000142e+01 1.875583382210383707e-05
4.490000000000000568e+01 1.850418245572981650e-05
4.495000000000000284e+01 1.825567650879561497e-05
4.500000000000000000e+01 1.801027955958832053e-05
4.505000000000000426e+01 1.776795557456822862e-05
4.510000000000000142e+01 1.752866890459017725e-05
4.515000000000000568e+01 1.729238428115805536e-05
4.520000000000000284e+01 1.705906681271262678e-05
4.525000000000000000e+01 1.682868198095174801e-05
4.530000000000000426e+01 1.660119563718345095e-05
4.535000000000000142e+01 1.637657399871110783e-05
4.540000000000000568e+01 1.615478364525047163e-05
4.545000000000000284e+01 1.593579151537878868e-05
4.550000000000000000e+01 1.571956490301489558e-05
4.555000000000000426e+01 1.550607145393118500e-05
4.560000000000000142e+01 1.529527916229610188e-05
4.565000000000000568e+01 1.508715636724729376e-05
4.570000000000000284e+01 1.488167174949597429e-05
4.575000000000000000e+01 1.467879432796057203e-05
4.580000000000000426e+01 1.447849345643107914e-05
4.585000000000000142e+01 1.428073882026308517e-05
4.590000000000000568e+01 1.408550043310099963e-05
4.595000000000000284e+01 1.389274863363104601e-05
4.600000000000000000e+01 1.370245408236292627e-05
4.605000000000000426e+01 1.351458775844047240e-05
4.610000000000000142e+01 1.332912095648118861e-05
4.615000000000000568e+01 1.314602528344348647e-05
4.620000000000000284e+01 1.296527265552285628e-05
4.625000000000000000e+01 1.278683529507532319e-05
4.630000000000000426e+01 1.261068572756898403e-05
4.635000000000000142e+01 1.243679677856283396e-05
4.640000000000000568e+01 1.226514157071291155e-05
4.645000000000000284e+01 1.209569352080551338e-05
4.650000000000000000e+01 1.192842633681706475e-05
4.655000000000000426e+01 1.176331401500072952e-05
4.660000000000000142e+01 1.160033083699947958e-05
4.665000000000000568e+01 1.143945136698494970e-05
4.670000000000000284e+01 1.128065044882281466e-05
4.675000000000000000e+01 1.112390320326338934e-05
4.680000000000000426e+01 1.096918502515804125e-05
4.685000000000000142e+01 1.081647158070089725e-05
4.690000000000000568e+01 1.066573880469559865e-05
4.695000000000000284e+01 1.051696289784709122e-05
4.700000000000000000e+01 1.037012032407791821e-05
4.705000000000000426e+01 1.022518780786922635e-05
4.710000000000000142e+01 1.008214233162614277e-05
4.715000000000000568e+01 9.940961133066839926e-06
4.720000000000000284e+01 9.801621702636125605e-06
4.725000000000000000e+01 9.664101780942233136e-06
4.730000000000000426e+01 9.528379356217357317e-06
4.735000000000000142e+01 9.394432661801629440e-06
4.740000000000000568e+01 9.262240173649908005e-06
4.745000000000000284e+01 9.131780607861896709e-06
4.750000000000000000e+01 9.003032918234705426e-06
4.755000000000000426e+01 8.875976293838154025e-06
4.760000000000000142e+01 8.750590156612505610e-06
4.765000000000000568e+01 8.626854158988115902e-06
4.770000000000000284e+01 8.504748181527510353e-06
4.775000000000000000e+01 8.384252330588974202e-06
4.780000000000000426e+01 8.265346936011909589e-06
4.785000000000000142e+01 8.148012548823707301e-06
4.790000000000000568e+01 8.032229938967804506e-06
4.795000000000000284e+01 7.917980093053025043e-06
4.800000000000000000e+01 7.805244212123660150e-06
4.805000000000000426e+01 7.694003709450455671e-06
4.810000000000000142e+01 7.584240208342232979e-06
4.815000000000000568e+01 7.475935539977731961e-06
4.820000000000000284e+01 7.369071741257975080e-06
4.825000000000000000e+01 7.263631052678472323e-06
4.830000000000000426e+01 7.159595916221465270e-06
4.835000000000000142e+01 7.056948973268004426e-06
4.840000000000000568e+01 6.955673062529317735e-06
4.845000000000000284e+01 6.855751217998024230e-06
4.850000000000000000e+01 6.757166666918128941e-06
4.855000000000000426e+01 6.659902827774485162e-06
4.860000000000000142e+01 6.563943308301136235e-06
4.865000000000000568e+01 6.469271903508082000e-06
4.870000000000000284e+01 6.375872593727222062e-06
4.875000000000000000e+01 6.283729542676284115e-06
4.880000000000000426e+01 6.192827095541273486e-06
4.885000000000000142e+01 6.103149777077108478e-06
4.890000000000000568e+01 6.014682289726010370e-06
4.895000000000000284e+01 5.927409511754092763e-06
4.900000000000000000e+01 5.841316495405274450e-06
4.905000000000000426e+01 5.756388465072990988e-06
4.910000000000000142e+01 5.672610815489193360e-06
4.915000000000000568e+01 5.589969109930576142e-06
4.920000000000000284e+01 5.508449078441966551e-06
4.925000000000000000e+01 5.428036616076619429e-06
4.930000000000000426e+01 5.348717781153249593e-06
4.935000000000000142e+01 5.270478793529913366e-06
4.940000000000000568e+01 5.193306032894203967e-06
4.945000000000000284e+01 5.117186037069964037e-06
4.950000000000000000e+01 5.042105500340120592e-06
4.955000000000000426e+01 4.968051271785780473e-06
4.960000000000000142e+01 4.895010353641096692e-06
4.965000000000000568e+01 4.822969899664071712e-06
4.970000000000000284e+01 4.751917213523059632e-06
4.975000000000000000e+01 4.681839747198743664e-06
4.980000000000000426e+01 4.612725099401540623e-06
4.985000000000000142e+01 4.544561014004395999e-06
4.990000000000000568e+01 4.477335378490566442e-06
4.995000000000000284e+01 4.411036222416579371e-06
5.000000000000000000e+01 4.345651715889936046e-06
5.005000000000000426e+01 4.281170168061691925e-06
5.010000000000000142e+01 4.217580025633682218e-06
5.015000000000000568e+01 4.154869871380037739e-06
5.020000000000000284e+01 4.093028422683442514e-06
5.025000000000000000e+01 4.032044530085298825e-06
5.030000000000000426e+01 3.971907175850214739e-06
5.035000000000000142e+01 3.912605472544494775e-06
5.040000000000000568e+01 3.854128661628405878e-06
5.045000000000000284e+01 3.796466112062321176e-06
5.050000000000000000e+01 3.739607318926451840e-06
5.055000000000000426e+01 3.683541902054098015e-06
5.060000000000000142e+01 3.628259604678340888e-06
5.065000000000000568e+01 3.573750292091970926e-06
5.070000000000000284e+01 3.520003950320667089e-06
5.075000000000000000e+01 3.467010684809117860e-06
5.080000000000000426e+01 3.414760719120177697e-06
5.085000000000000142e+01 3.363244393646828914e-06
5.090000000000000568e+01 3.312452164336802488e-06
5.095000000000000284e+01 3.262374601429888250e-06
5.100000000000000000e+01 3.213002388207640140e-06
5.105000000000000426e+01 3.164326319755523108e-06
5.110000000000000142e+01 3.116337301737330979e-06
5.115000000000000568e+01 3.069026349181706293e-06
5.120000000000000284e+01 3.022384585280799414e-06
5.125000000000000000e+01 2.976403240200761947e-06
5.130000000000000426e+01 2.931073649904194333e-06
5.135000000000000142e+01 2.886387254984236342e-06
5.140000000000000568e+01 2.842335599510335177e-06
5.145000000000000284e+01 2.798910329885554407e-06
5.150000000000000000e+01 2.756103193715201803e-06
5.155000000000000426e+01 2.713906038686909053e-06
5.160000000000000142e+01 2.672310811461887234e-06
5.165000000000000568e+01 2.631309556577198372e-06
5.170000000000000284e+01 2.590894415359228164e-06
5.175000000000000000e+01 2.551057624847916017e-06
5.180000000000000426e+01 2.511791516731871580e-06
5.185000000000000142e+01 2.473088516294275275e-06
5.190000000000000568e+01 2.434941141369245618e-06
5.195000000000000284e+01 2.397342001308912603e-06
5.200000000000000000e+01 2.360283795960809654e-06
5.205000000000000426e+01 2.323759314655657391e-06
5.210000000000000142e+01 2.287761435205372783e-06
5.215000000000000568e+01 2.252283122911265988e-06
5.220000000000000284e+01 2.217317429582261826e-06
5.225000000000000000e+01 2.182857492563095917e-06
5.230000000000000426e+01 2.148896533772430417e-06
5.235000000000000142e+01 2.115427858750722915e-06
5.240000000000000568e+01 2.082444855717807417e-06
5.245000000000000284e+01 2.049940994640088720e-06
5.250000000000000000e+01 2.017909826307266336e-06
5.255000000000000426e+01 1.986344981418488434e-06
5.260000000000000142e+01 1.955240169677876505e-06
5.265000000000000568e+01 1.924589178899283961e-06
5.270000000000000284e+01 1.894385874120271928e-06
5.275000000000000000e+01 1.864624196725157616e-06
5.280000000000000426e+01 1.835298163577082101e-06
5.285000000000000142e+01 1.806401866159027863e-06
5.290000000000000568e+01 1.777929469723632971e-06
5.295000000000000284e+01 1.749875212451854430e-06
5.300000000000000000e+01 1.722233404620223197e-06
5.305000000000000426e+01 1.694998427776780229e-06
5.310000000000000142e+01 1.668164733925511443e-06
5.315000000000000568e+01 1.641726844719204516e-06
5.320000000000000284e+01 1.615679350660738953e-06
5.325000000000000000e+01 1.590016910312580523e-06
5.330000000000000426e+01 1.564734249514564327e-06
5.335000000000000142e+01 1.539826160609795627e-06
5.340000000000000568e+01 1.515287501678576728e-06
5.345000000000000284e+01 1.491113195780373266e-06
5.350000000000000000e+01 1.467298230203655362e-06
5.355000000000000426e+01 1.443837655723604955e-06
5.360000000000000142e+01 1.420726585867539817e-06
5.365000000000000568e+01 1.397960196188116940e-06
5.370000000000000284e+01 1.375533723544051421e-06
5.375000000000000000e+01 1.353442465388476438e-06
5.380000000000000426e+01 1.331681779064709894e-06
5.385000000000000142e+01 1.310247081109482366e-06
5.390000000000000568e+01 1.289133846563464136e-06
5.395000000000000284e+01 1.268337608289089849e-06
5.400000000000000000e+01 1.247853956295558168e-06
5.405000000000000426e+01 1.227678537070991822e-06
5.410000000000000142e+01 1.207807052921624641e-06
5.415000000000000568e+01 1.188235261318027645e-06
5.420000000000000284e+01 1.168958974248243960e-06
5.425000000000000000e+01 1.149974057577781310e-06
5.430000000000000426e+01 1.131276430416423125e-06
5.435000000000000142e+01 1.112862064491780126e-06
5.440000000000000568e+01 1.094726983529475025e-06
5.445000000000000284e+01 1.076867262639997185e-06
5.450000000000000000e+01 1.059279027712034753e-06
5.455000000000000426e+01 1.041958454812340593e-06
5.460000000000000142e+01 1.024901769591996922e-06
5.465000000000000568e+01 1.008105246699041580e-06
5.470000000000000284e+01 9.915652091974004617e-07
5.475000000000000000e+01 9.752780279920335778e-07
5.480000000000000426e+01 9.592401212602824458e-07
5.485000000000000142e+01 9.434479538893484173e-07
5.490000000000000568e+01 9.278980369197805969e-07
5.495000000000000284e+01 9.125869269950141169e-07
5.500000000000000000e+01 8.975112258168275848e-07
5.505000000000000426e+01 8.826675796066866680e-07
5.510000000000000142e+01 8.680526785729347473e-07
5.515000000000000568e+01 8.536632563837174539e-07
5.520000000000000284e+01 8.394960896456763484e-07
5.525000000000000000e+01 8.255479973882559916e-07
5.530000000000000426e+01 8.118158405536357396e-07
5.535000000000000142e+01 7.982965214922274961e-07
5.540000000000000568e+01 7.849869834636400054e-07
5.545000000000000284e+01 7.718842101431106361e-07
5.550000000000000000e+01 7.589852251333159305e-07
5.555000000000000426e+01 7.462870914815305313e-07
5.560000000000000142e+01 7.337869112020522182e-07
5.565000000000000568e+01 7.214818248038880783e-07
5.570000000000000284e+01 7.093690108235965654e-07
5.575000000000000000e+01 6.974456853632767669e-07
5.580000000000000426e+01 6.857091016336300224e-07
5.585000000000000142e+01 6.741565495020703866e-07
5.590000000000000568e+01 6.627853550457846250e-07
5.595000000000000284e+01 6.515928801097593151e-07
5.600000000000000000e+01 6.405765218696643065e-07
5.605000000000000426e+01 6.297337123995796206e-07
5.610000000000000142e+01 6.190619182445374145e-07
5.615000000000000568e+01 6.085586399977389327e-07
5.620000000000000284e+01 5.982214118825420531e-07
5.625000000000000000e+01 5.880478013390369994e-07
5.630000000000000426e+01 5.780354086152428298e-07
5.635000000000000142e+01 5.681818663628705976e-07
5.640000000000000568e+01 5.584848392375680581e-07
5.645000000000000284e+01 5.489420235036569313e-07
5.650000000000000000e+01 5.395511466432615019e-07
5.655000000000000426e+01 5.303099669698363905e-07
5.660000000000000142e+01 5.212162732460104867e-07
5.665000000000000568e+01 5.122678843057243871e-07
5.670000000000000284e+01 5.034626486806142203e-07
5.675000000000000000e+01 4.947984442305911448e-07
5.680000000000000426e+01 4.862731777785826361e-07
5.685000000000000142e+01 4.778847847493986140e-07
5.690000000000000568e+01 4.696312288126649675e-07
5.695000000000000284e+01 4.615105015297957875e-07
5.700000000000000000e+01 4.535206220049588290e-07
5.705000000000000426e+01 4.456596365399931767e-07
5.710000000000000142e+01 4.379256182932512674e-07
5.715000000000000568e+01 4.303166669422951237e-07
5.720000000000000284e+01 4.228309083504474345e-07
5.725000000000000000e+01 4.154664942371244795e-07
5.730000000000000426e+01 4.082216018519306202e-07
5.735000000000000142e+01 4.010944336524759782e-07
5.740000000000000568e+01 3.940832169858627708e-07
5.745000000000000284e+01 3.871862037738326301e-07
5.750000000000000000e+01 3.804016702014953884e-07
5.755000000000000426e+01 3.737279164096502890e-07
5.760000000000000142e+01 3.671632661906317551e-07
5.765000000000000568e+01 3.607060666876338687e-07
5.770000000000000284e+01 3.543546880975273260e-07
5.775000000000000000e+01 3.481075233770684951e-07
5.780000000000000426e+01 3.419629879525185217e-07
5.785000000000000142e+01 3.359195194326086926e-07
5.790000000000000568e+01 3.299755773248230438e-07
5.795000000000000284e+01 3.241296427549714274e-07
5.800000000000000000e+01 3.183802181900087794e-07
5.805000000000000426e+01 3.127258271640692479e-07
5.810000000000000142e+01 3.071650140076973945e-07
5.815000000000000568e+01 3.016963435802124641e-07
5.820000000000000284e+01 2.963184010052021775e-07
5.825000000000000000e+01 2.910297914090943238e-07
5.830000000000000426e+01 2.858291396627893177e-07
5.835000000000000142e+01 2.807150901263086712e-07
5.840000000000000568e+01 2.756863063964299442e-07
5.845000000000000284e+01 2.707414710572900694e-07
5.850000000000000000e+01 2.658792854339054878e-07
5.855000000000000426e+01 2.610984693485926313e-07
5.860000000000000142e+01 2.563977608802579936e-07
5.865000000000000568e+01 2.517759161265163388e-07
5.870000000000000284e+01 2.472317089686231763e-07
5.875000000000000000e+01 2.427639308391733286e-07
5.880000000000000426e+01 2.383713904925577547e-07
5.885000000000000142e+01 2.340529137781304039e-07
5.890000000000000568e+01 2.298073434160660392e-07
5.895000000000000284e+01 2.256335387758789096e-07
5.900000000000000000e+01 2.215303756575741063e-07
5.905000000000000426e+01 2.174967460753989393e-07
5.910000000000000142e+01 2.135315580441837736e-07
5.915000000000000568e+01 2.096337353682083733e-07
5.920000000000000284e+01 2.058022174326177088e-07
5.925000000000000000e+01 2.020359589973091420e-07
5.930000000000000426e+01 1.983339299933005437e-07
5.935000000000000142e+01 1.946951153215397726e-07
5.940000000000000568e+01 1.911185146541227449e-07
5.945000000000000284e+01 1.876031422379078129e-07
5.950000000000000000e+01 1.841480267004891045e-07
5.955000000000000426e+01 1.807522108585095260e-07
5.960000000000000142e+01 1.774147515282901355e-07
5.965000000000000568e+01 1.741347193387431964e-07
5.970000000000000284e+01 1.709111985465514151e-07
5.975000000000000000e+01 1.677432868535831594e-07
5.980000000000000426e+01 1.646300952265238074e-07
5.985000000000000142e+01 1.615707477187012553e-07
5.990000000000000568e+01 1.585643812940701146e-07
5.995000000000000284e+01 1.556101456533467391e-07
6.000000000000000000e+01 1.527072030622591855e-07
6.005000000000000426e+01 1.498547281818962559e-07
6.010000000000000142e+01 1.470519079011295194e-07
6.015000000000000568e+01 1.442979411710848104e-07
6.020000000000000284e+01 1.415920388416451763e-07
6.025000000000000000e+01 1.389334234999594401e-07
6.030000000000000426e+01 1.363213293109318148e-07
6.035000000000000142e+01 1.337550018596775602e-07
6.040000000000000568e+01 1.312336979959194572e-07
6.045000000000000284e+01 1.287566856803022556e-07
6.050000000000000000e+01 1.263232438326038141e-07
6.055000000000000426e+01 1.239326621818267860e-07
6.060000000000000142e+01 1.215842411181464445e-07
6.065000000000000568e+01 1.192772915466900329e-07
6.070000000000000284e+01 1.170111347431386233e-07
6.075000000000000000e+01 1.147851022111185859e-07
6.080000000000000426e+01 1.125985355413686495e-07
6.085000000000000142e+01 1.104507862726688844e-07
6.090000000000000568e+01 1.083412157544962814e-07
6.095000000000000284e+01 1.062691950114050897e-07
6.100000000000000000e+01 1.042341046090981752e-07
6.105000000000000426e+01 1.022353345221819377e-07
6.110000000000000142e+01 1.002722840035778116e-07
6.115000000000000568e+01 9.834436145557346417e-08
6.120000000000000284e+01 9.645098430250195121e-08
6.125000000000000000e+01 9.459157886501784767e-08
6.130000000000000426e+01 9.276558023596368238e-08
6.135000000000000142e+01 9.097243215780579263e-08
6.140000000000000568e+01 8.921158690161592121e-08
6.145000000000000284e+01 8.748250514758904000e-08
6.150000000000000000e+01 8.578465586707789203e-08
6.155000000000000426e+01 8.411751620611988636e-08
6.160000000000000142e+01 8.248057137045348726e-08
6.165000000000000568e+01 8.087331451199124853e-08
6.170000000000000284e+01 7.929524661674639609e-08
6.175000000000000000e+01 7.774587639418578764e-08
6.180000000000000426e+01 7.622472016800183763e-08
6.185000000000000142e+01 7.473130176828114684e-08
6.190000000000000568e+01 7.326515242505380872e-08
6.195000000000000284e+01 7.182581066321423421e-08
6.200000000000000000e+01 7.041282219878715751e-08
6.205000000000000426e+01 6.902573983653452147e-08
6.210000000000000142e+01 6.766412336887783162e-08
6.215000000000000568e+01 6.632753947612926873e-08
6.220000000000000284e+01 6.501556162800921949e-08
6.225000000000000000e+01 6.372776998644107983e-08
6.230000000000000426e+01 6.246375130960429929e-08
6.235000000000000142e+01 6.122309885723439022e-08
6.240000000000000568e+01 6.000541229715244502e-08
6.245000000000000284e+01 5.881029761301239552e-08
6.250000000000000000e+01 5.763736701325117838e-08
6.255000000000000426e+01 5.648623884122382669e-08
6.260000000000000142e+01 5.535653748651896155e-08
6.265000000000000568e+01 5.424789329742941830e-08
6.270000000000000284e+01 5.315994249457420879e-08
6.275000000000000000e+01 5.209232708565035949e-08
6.280000000000000426e+01 5.104469478130936450e-08
6.285000000000000142e+01 5.001669891213819599e-08
6.290000000000000568e+01 4.900799834673376797e-08
6.295000000000000284e+01 4.801825741086245597e-08
6.300000000000000000e+01 4.704714580768288116e-08
6.305000000000000426e+01 4.609433853902898135e-08
6.310000000000000142e+01 4.515951582773488607e-08
6.315000000000000568e+01 4.424236304098941319e-08
6.320000000000000284e+01 4.334257061471129983e-08
6.325000000000000000e+01 4.245983397893020538e-08
6.330000000000000426e+01 4.159385348416171444e-08
6.335000000000000142e+01 4.074433432876599637e-08
6.340000000000000568e+01 3.991098648727740284e-08
6.345000000000000284e+01 3.909352463969254280e-08
6.350000000000000000e+01 3.829166810170719965e-08
6.355000000000000426e+01 3.750514075588863761e-08
6.360000000000000142e+01 3.673367098377558774e-08
6.365000000000000568e+01 3.597699159888797391e-08
6.370000000000000284e+01 3.523483978064490283e-08
6.375000000000000000e+01 3.450695700917074838e-08
6.380000000000000426e+01 3.379308900098425443e-08
6.385000000000000142e+01 3.309298564555949942e-08
6.390000000000000568e+01 3.240640094274417059e-08
6.395000000000000284e+01 3.173309294103092629e-08
6.400000000000000000e+01 3.107282367666454151e-08
6.404999999999999716e+01 3.042535911358267933e-08
6.410000000000000853e+01 2.979046908417036345e-08
6.415000000000000568e+01 2.916792723082943517e-08
6.420000000000000284e+01 2.855751094834172006e-08
6.425000000000000000e+01 2.795900132702560974e-08
6.429999999999999716e+01 2.737218309666987904e-08
6.435000000000000853e+01 2.679684457123916677e-08
6.440000000000000568e+01 2.623277759433988361e-08
6.445000000000000284e+01 2.567977748543592612e-08
6.450000000000000000e+01 2.513764298680909820e-08
6.454999999999999716e+01 2.460617621124954584e-08
6.460000000000000853e+01 2.408518259047252270e-08
6.465000000000000568e+01 2.357447082424817205e-08
6.470000000000000284e+01 2.307385283023858131e-08
6.475000000000000000e+01 2.258314369453064765e-08
6.479999999999999716e+01 2.210216162285878572e-08
6.485000000000000853e+01 2.163072789250715768e-08
6.490000000000000568e+01 2.116866680488308091e-08
6.495000000000000284e+01 2.071580563875358301e-08
6.500000000000000000e+01 2.027197460413696482e-08
6.504999999999999716e+01 1.983700679684100690e-08
6.510000000000000853e+01 1.941073815363881978e-08
6.515000000000000568e+01 1.899300740807671635e-08
6.520000000000000284e+01 1.858365604690234085e-08
6.525000000000000000e+01 1.818252826710929205e-08
6.529999999999999716e+01 1.778947093358831818e-08
6.535000000000000853e+01 1.740433353737635480e-08
6.540000000000000568e+01 1.702696815449938588e-08
6.545000000000000284e+01 1.665722940539689875e-08
6.550000000000000000e+01 1.629497441492524640e-08
6.554999999999999716e+01 1.594006277292874359e-08
6.560000000000000853e+01 1.559235649537396372e-08
6.565000000000000568e+01 1.525171998603825661e-08
6.570000000000000284e+01 1.491801999874621065e-08
6.575000000000000000e+01 1.459112560014683789e-08
6.579999999999999716e+01 1.427090813302527499e-08
6.585000000000000853e+01 1.395724118014042214e-08
6.590000000000000568e+01 1.365000052858380340e-08
6.595000000000000284e+01 1.334906413465145600e-08
6.600000000000000000e+01 1.305431208922234867e-08
6.604999999999999716e+01 1.276562658363821864e-08
6.610000000000000853e+01 1.248289187607631074e-08
6.615000000000000568e+01 1.220599425841036639e-08
6.620000000000000284e+01 1.193482202355170825e-08
6.625000000000000000e+01 1.166926543326657086e-08
6.629999999999999716e+01 1.140921668646102806e-08
6.635000000000000853e+01 1.115456988792897798e-08
6.640000000000000568e+01 1.090522101755714674e-08
6.645000000000000284e+01 1.066106789997965180e-08
6.650000000000000000e+01 1.042201017467803332e-08
6.654999999999999716e+01 1.018794926651990973e-08
6.660000000000000853e+01 9.958788356730723551e-09
6.665000000000000568e+01 9.734432354293053506e-09
6.670000000000000284e+01 9.514787867767110519e-09
6.675000000000000000e+01 9.299763177528205503e-09
6.679999999999999716e+01 9.089268208414129819e-09
6.685000000000000853e+01 8.883214502778549063e-09
6.690000000000000568e+01 8.681515193943643850e-09
6.695000000000000284e+01 8.484084980047458024e-09
6.700000000000000000e+01 8.290840098280614017e-09
6.704999999999999716e+01 8.101698299507414078e-09
6.710000000000000853e+01 7.916578823265171485e-09
6.715000000000000568e+01 7.735402373138519282e-09
6.720000000000000284e+01 7.558091092501528176e-09
6.725000000000000000e+01 7.384568540624452270e-09
6.729999999999999716e+01 7.214759669139605181e-09
6.735000000000000853e+01 7.048590798860941901e-09
6.740000000000000568e+01 6.885989596953892087e-09
6.745000000000000284e+01 6.726885054448839752e-09
6.750000000000000000e+01 6.571207464095990309e-09
6.754999999999999716e+01 6.418888398554545158e-09
6.760000000000000853e+01 6.269860688913662534e-09
6.765000000000000568e+01 6.124058403539385437e-09
6.770000000000000284e+01 5.981416827243750604e-09
6.775000000000000000e+01 5.841872440771278426e-09
6.779999999999999716e+01 5.705362900599099132e-09
6.785000000000000853e+01 5.571827019045752184e-09
6.790000000000000568e+01 5.441204744684919181e-09
6.795000000000000284e+01 5.313437143059567259e-09
6.800000000000000000e+01 5.188466377692691327e-09
6.804999999999999716e+01 5.066235691390274409e-09
6.810000000000000853e+01 4.946689387832695783e-09
6.815000000000000568e+01 4.829772813450585856e-09
6.820000000000000284e+01 4.715432339580644454e-09
6.825000000000000000e+01 4.603615344898476107e-09
6.829999999999999716e+01 4.494270198124109563e-09
6.835000000000000853e+01 4.387346240995873710e-09
6.840000000000000568e+01 4.282793771510214556e-09
6.845000000000000284e+01 4.180564027422293296e-09
6.850000000000000000e+01 4.080609170004776408e-09
6.854999999999999716e+01 3.982882268060704193e-09
6.860000000000000853e+01 3.887337282187098441e-09
6.865000000000000568e+01 3.793929049285510809e-09
6.870000000000000284e+01 3.702613267316381025e-09
6.875000000000000000e+01 3.613346480293522323e-09
6.879999999999999716e+01 3.526086063515443153e-09
6.885000000000000853e+01 3.440790209030165443e-09
6.890000000000000568e+01 3.357417911330306777e-09
6.895000000000000284e+01 3.275928953274854320e-09
6.900000000000000000e+01 3.196283892234728316e-09
6.904999999999999716e+01 3.118444046458977819e-09
6.910000000000000853e+01 3.042371481658129536e-09
6.915000000000000568e+01 2.968028997802010122e-09
6.920000000000000284e+01 2.895380116128432946e-09
6.925000000000000000e+01 2.824389066360440251e-09
6.929999999999999716e+01 2.755020774128489231e-09
6.935000000000000853e+01 2.687240848594871374e-09
6.940000000000000568e+01 2.621015570277628725e-09
6.945000000000000284e+01 2.556311879070653002e-09
6.950000000000000000e+01 2.493097362457612567e-09
6.954999999999999716e+01 2.431340243916592497e-09
6.960000000000000853e+01 2.371009371512740408e-09
6.965000000000000568e+01 2.312074206676355415e-09
6.970000000000000284e+01 2.254504813163370008e-09
6.975000000000000000e+01 2.198271846196029079e-09
6.979999999999999716e+01 2.143346541780666266e-09
6.985000000000000853e+01 2.089700706200422360e-09
6.990000000000000568e+01 2.037306705679973455e-09
6.995000000000000284e+01 1.986137456219977112e-09
7.000000000000000000e+01 1.936166413598610665e-09
7.004999999999999716e+01 1.887367563537951729e-09
7.010000000000000853e+01 1.839715412032383341e-09
7.015000000000000568e+01 1.793184975837138150e-09
7.020000000000000284e+01 1.747751773114047265e-09
7.025000000000000000e+01 1.703391814232677038e-09
7.029999999999999716e+01 1.660081592724241768e-09
7.035000000000000853e+01 1.617798076386076302e-09
7.040000000000000568e+01 1.576518698534505254e-09
7.045000000000000284e+01 1.536221349403713943e-09
7.050000000000000000e+01 1.496884367688745215e-09
7.054999999999999716e+01 1.458486532230080427e-09
7.060000000000000853e+01 1.421007053837995131e-09
7.065000000000000568e+01 1.384425567254437268e-09
7.070000000000000284e+01 1.348722123250365897e-09
7.075000000000000000e+01 1.313877180856486863e-09
7.079999999999999716e+01 1.279871599725498811e-09
7.085000000000000853e+01 1.246686632623666816e-09
7.090000000000000568e+01 1.214303918049957815e-09
7.095000000000000284e+01 1.182705472980558215e-09
7.100000000000000000e+01 1.151873685737124684e-09
7.104999999999999716e+01 1.121791308976729352e-09
7.110000000000000853e+01 1.092441452801596060e-09
7.115000000000000568e+01 1.063807577987024178e-09
7.120000000000000284e+01 1.035873489325302583e-09
7.125000000000000000e+01 1.008623329084258664e-09
7.129999999999999716e+01 9.820415705784130912e-10
7.135000000000000853e+01 9.561130118509701534e-10
7.140000000000000568e+01 9.308227694651986082e-10
7.145000000000000284e+01 9.061562724031795355e-10
7.150000000000000000e+01 8.820992560705020704e-10
7.154999999999999716e+01 8.586377564051304370e-10
