# a, density. dx=0.05, size=1301
0.000000000000000000e+00 0.000000000000000000e+00
5.000000000000000278e-02 0.000000000000000000e+00
1.000000000000000056e-01 0.000000000000000000e+00
1.500000000000000222e-01 0.000000000000000000e+00
2.000000000000000111e-01 0.000000000000000000e+00
2.500000000000000000e-01 0.000000000000000000e+00
3.000000000000000444e-01 0.000000000000000000e+00
3.500000000000000333e-01 0.000000000000000000e+00
4.000000000000000222e-01 0.000000000000000000e+00
4.500000000000000111e-01 0.000000000000000000e+00
5.000000000000000000e-01 0.000000000000000000e+00
5.500000000000000444e-01 0.000000000000000000e+00
6.000000000000000888e-01 0.000000000000000000e+00
6.500000000000000222e-01 0.000000000000000000e+00
7.000000000000000666e-01 0.000000000000000000e+00
7.500000000000000000e-01 0.000000000000000000e+00
8.000000000000000444e-01 0.000000000000000000e+00
8.500000000000000888e-01 0.000000000000000000e+00
9.000000000000000222e-01 0.000000000000000000e+00
9.500000000000000666e-01 0.000000000000000000e+00
1.000000000000000000e+00 0.000000000000000000e+00
1.050000000000000044e+00 0.000000000000000000e+00
1.100000000000000089e+00 0.000000000000000000e+00
1.150000000000000133e+00 0.000000000000000000e+00
1.200000000000000178e+00 0.000000000000000000e+00
1.250000000000000000e+00 0.000000000000000000e+00
1.300000000000000044e+00 0.000000000000000000e+00
1.350000000000000089e+00 0.000000000000000000e+00
1.400000000000000133e+00 0.000000000000000000e+00
1.450000000000000178e+00 0.000000000000000000e+00
1.500000000000000000e+00 0.000000000000000000e+00
1.550000000000000044e+00 0.000000000000000000e+00
1.600000000000000089e+00 3.334858516076548661e-90
1.650000000000000133e+00 1.831641633527515622e-30
1.700000000000000178e+00 5.044272053474570413e-18
1.750000000000000000e+00 1.070693945762887283e-12
1.800000000000000044e+00 9.225612790527087109e-10
1.850000000000000089e+00 6.492091810423663860e-08
1.900000000000000133e+00 1.189196555450133298e-06
1.950000000000000178e+00 9.743605027140941096e-06
2.000000000000000000e+00 4.754975884022474218e-05
2.050000000000000266e+00 1.630823208420554193e-04
2.100000000000000089e+00 4.353850045868538389e-04
2.149999999999999911e+00 9.669525482015997641e-04
2.200000000000000178e+00 1.868791008624634715e-03
2.250000000000000000e+00 3.243810512918347301e-03
2.300000000000000266e+00 5.173499419698615077e-03
2.350000000000000089e+00 7.710112181473734345e-03
2.400000000000000355e+00 1.087433204780966639e-02
2.450000000000000178e+00 1.465715266357650245e-02
2.500000000000000000e+00 1.902439037294237009e-02
2.550000000000000266e+00 2.392241514127315533e-02
2.600000000000000089e+00 2.928406061993461817e-02
2.650000000000000355e+00 3.503405799014888689e-02
2.700000000000000178e+00 4.109365151953164180e-02
2.750000000000000000e+00 4.738427577516330508e-02
2.800000000000000266e+00 5.383031430617699759e-02
2.850000000000000089e+00 6.036103659560868723e-02
2.900000000000000355e+00 6.691184379525362547e-02
2.950000000000000178e+00 7.342496029977582661e-02
3.000000000000000000e+00 7.984969935799800245e-02
3.050000000000000266e+00 8.614241458371452165e-02
3.100000000000000089e+00 9.226623037424344642e-02
3.150000000000000355e+00 9.819062573548632822e-02
3.200000000000000178e+00 1.038909293231533859e-01
3.250000000000000000e+00 1.093477692506130416e-01
3.300000000000000266e+00 1.145465094874880962e-01
3.350000000000000089e+00 1.194766953111732893e-01
3.400000000000000355e+00 1.241315229824012240e-01
3.450000000000000178e+00 1.285073432639262936e-01
3.500000000000000000e+00 1.326032042656170584e-01
3.550000000000000266e+00 1.364204360897065815e-01
3.600000000000000089e+00 1.399622776183747641e-01
3.650000000000000355e+00 1.432335443266717356e-01
3.700000000000000178e+00 1.462403350510323718e-01
3.750000000000000000e+00 1.489897750657993014e-01
3.800000000000000266e+00 1.514897925147861146e-01
3.850000000000000089e+00 1.537489251332710138e-01
3.900000000000000355e+00 1.557761542182104775e-01
3.950000000000000178e+00 1.575807629162632173e-01
4.000000000000000000e+00 1.591722160674434727e-01
4.049999999999999822e+00 1.605600590429233920e-01
4.100000000000000533e+00 1.617538332315699157e-01
4.150000000000000355e+00 1.627630060492842590e-01
4.200000000000000178e+00 1.635969135600187641e-01
4.250000000000000000e+00 1.642647140022163998e-01
4.299999999999999822e+00 1.647753507061617551e-01
4.350000000000000533e+00 1.651375230646341397e-01
4.400000000000000355e+00 1.653596643806485023e-01
4.450000000000000178e+00 1.654499255619970577e-01
4.500000000000000000e+00 1.654161637632904913e-01
4.549999999999999822e+00 1.652659351930604315e-01
4.600000000000000533e+00 1.650064914072113254e-01
4.650000000000000355e+00 1.646447785017892407e-01
4.700000000000000178e+00 1.641874386987477730e-01
4.750000000000000000e+00 1.636408138892302688e-01
4.800000000000000711e+00 1.630109507608695774e-01
4.850000000000000533e+00 1.623036071897016042e-01
4.900000000000000355e+00 1.615242596243896545e-01
4.950000000000000178e+00 1.606781112313720727e-01
5.000000000000000000e+00 1.597701006050170069e-01
5.050000000000000711e+00 1.588049108775606844e-01
5.100000000000000533e+00 1.577869790901050007e-01
5.150000000000000355e+00 1.567205057087935061e-01
5.200000000000000178e+00 1.556094641899310460e-01
5.250000000000000000e+00 1.544576105146795997e-01
5.300000000000000711e+00 1.532684926284119120e-01
5.350000000000000533e+00 1.520454597321571621e-01
5.400000000000000355e+00 1.507916713841030154e-01
5.450000000000000178e+00 1.495101063780797657e-01
5.500000000000000000e+00 1.482035713735486149e-01
5.550000000000000711e+00 1.468747092580411084e-01
5.600000000000000533e+00 1.455260072284071671e-01
5.650000000000000355e+00 1.441598045817698015e-01
5.700000000000000178e+00 1.427783002108764243e-01
5.750000000000000000e+00 1.413835598016833228e-01
5.800000000000000711e+00 1.399775227336082506e-01
5.850000000000000533e+00 1.385620086850122279e-01
5.900000000000000355e+00 1.371387239481953180e-01
5.950000000000000178e+00 1.357092674595716808e-01
6.000000000000000000e+00 1.342751365517809714e-01
6.050000000000000711e+00 1.328377324353337829e-01
6.100000000000000533e+00 1.313983654180252980e-01
6.150000000000000355e+00 1.299582598708081127e-01
6.200000000000000178e+00 1.285185589491268099e-01
6.250000000000000000e+00 1.270803290789054019e-01
6.300000000000000711e+00 1.256445642164626675e-01
6.350000000000000533e+00 1.242121898916318246e-01
6.400000000000000355e+00 1.227840670432932269e-01
6.450000000000000178e+00 1.213609956564028480e-01
6.500000000000000000e+00 1.199437182094299364e-01
6.550000000000000711e+00 1.185329229409121665e-01
6.600000000000000533e+00 1.171292469436015643e-01
6.650000000000000355e+00 1.157332790944220896e-01
6.700000000000000178e+00 1.143455628281886266e-01
6.750000000000000000e+00 1.129665987627568868e-01
6.800000000000000711e+00 1.115968471829887620e-01
6.850000000000000533e+00 1.102367303906250234e-01
6.900000000000000355e+00 1.088866349268691469e-01
6.950000000000000178e+00 1.075469136741967202e-01
7.000000000000000000e+00 1.062178878436196156e-01
7.050000000000000711e+00 1.048998488533547102e-01
7.100000000000000533e+00 1.035930601045738503e-01
7.150000000000000355e+00 1.022977586596445498e-01
7.200000000000000178e+00 1.010141568280135821e-01
7.250000000000000000e+00 9.974244366463422273e-02
7.300000000000000711e+00 9.848278638559920806e-02
7.350000000000000533e+00 9.723533170540589465e-02
7.400000000000000355e+00 9.600020710005989499e-02
7.450000000000000178e+00 9.477752200000821858e-02
7.500000000000000000e+00 9.356736891668770983e-02
7.550000000000000711e+00 9.236982450627957697e-02
7.600000000000000533e+00 9.118495057407320636e-02
7.650000000000000355e+00 9.001279502266337773e-02
7.700000000000000178e+00 8.885339274703665802e-02
7.750000000000000000e+00 8.770676647943843884e-02
7.800000000000000711e+00 8.657292758675999567e-02
7.850000000000000533e+00 8.545187682303803656e-02
7.900000000000000355e+00 8.434360503951884858e-02
7.950000000000000178e+00 8.324809385460915645e-02
8.000000000000000000e+00 8.216531628590922898e-02
8.050000000000000711e+00 8.109523734640451675e-02
8.099999999999999645e+00 8.003781460678144333e-02
8.150000000000000355e+00 7.899299872572330961e-02
8.200000000000001066e+00 7.796073394994454397e-02
8.250000000000000000e+00 7.694095858562280399e-02
8.300000000000000711e+00 7.593360544279921520e-02
8.349999999999999645e+00 7.493860225423205901e-02
8.400000000000000355e+00 7.395587207010578812e-02
8.450000000000001066e+00 7.298533362992339069e-02
8.500000000000000000e+00 7.202690171283405995e-02
8.550000000000000711e+00 7.108048746758342806e-02
8.599999999999999645e+00 7.014599872320521901e-02
8.650000000000000355e+00 6.922334028151387597e-02
8.700000000000001066e+00 6.831241419239911239e-02
8.750000000000000000e+00 6.741312001286819955e-02
8.800000000000000711e+00 6.652535505073052524e-02
8.849999999999999645e+00 6.564901459376988602e-02
8.900000000000000355e+00 6.478399212520302708e-02
8.950000000000001066e+00 6.393017952618065824e-02
9.000000000000000000e+00 6.308746726604359811e-02
9.050000000000000711e+00 6.225574458101050535e-02
9.099999999999999645e+00 6.143489964193431935e-02
9.150000000000000355e+00 6.062481971173055983e-02
9.200000000000001066e+00 5.982539129304863951e-02
9.250000000000000000e+00 5.903650026672420392e-02
9.300000000000000711e+00 5.825803202152306931e-02
9.349999999999999645e+00 5.748987157565862288e-02
9.400000000000000355e+00 5.673190369053772442e-02
9.450000000000001066e+00 5.598401297716709690e-02
9.500000000000000000e+00 5.524608399562667277e-02
9.550000000000000711e+00 5.451800134799576758e-02
9.600000000000001421e+00 5.379964976509645641e-02
9.650000000000000355e+00 5.309091418739807916e-02
9.700000000000001066e+00 5.239167984040984244e-02
9.750000000000000000e+00 5.170183230486869591e-02
9.800000000000000711e+00 5.102125758201438155e-02
9.850000000000001421e+00 5.034984215422771969e-02
9.900000000000000355e+00 4.968747304129212533e-02
9.950000000000001066e+00 4.903403785252549718e-02
1.000000000000000000e+01 4.838942483501603581e-02
1.005000000000000071e+01 4.775352291818167616e-02
1.010000000000000142e+01 4.712622175486316095e-02
1.015000000000000036e+01 4.650741175914738929e-02
1.020000000000000107e+01 4.589698414110771063e-02
1.025000000000000000e+01 4.529483093863887616e-02
1.030000000000000071e+01 4.470084504655254254e-02
1.035000000000000142e+01 4.411492024309248555e-02
1.040000000000000036e+01 4.353695121401855023e-02
1.045000000000000107e+01 4.296683357440091861e-02
1.050000000000000000e+01 4.240446388825900442e-02
1.055000000000000071e+01 4.184973968617101275e-02
1.060000000000000142e+01 4.130255948097441565e-02
1.065000000000000036e+01 4.076282278167065593e-02
1.070000000000000107e+01 4.023043010564082700e-02
1.075000000000000000e+01 3.970528298927460120e-02
1.080000000000000071e+01 3.918728399710737220e-02
1.085000000000000142e+01 3.867633672955735069e-02
1.090000000000000036e+01 3.817234582934741355e-02
1.095000000000000107e+01 3.767521698669377972e-02
1.100000000000000000e+01 3.718485694333784064e-02
1.105000000000000071e+01 3.670117349549371910e-02
1.110000000000000142e+01 3.622407549578056385e-02
1.115000000000000036e+01 3.575347285420408389e-02
1.120000000000000107e+01 3.528927653824907168e-02
1.125000000000000000e+01 3.483139857214079954e-02
1.130000000000000071e+01 3.437975203533018970e-02
1.135000000000000142e+01 3.393425106025466792e-02
1.140000000000000036e+01 3.349481082942365462e-02
1.145000000000000107e+01 3.306134757187507989e-02
1.150000000000000000e+01 3.263377855904692898e-02
1.155000000000000071e+01 3.221202210010470912e-02
1.160000000000000142e+01 3.179599753676440321e-02
1.165000000000000036e+01 3.138562523764764495e-02
1.170000000000000107e+01 3.098082659220391041e-02
1.175000000000000000e+01 3.058152400423292186e-02
1.180000000000000071e+01 3.018764088503793352e-02
1.185000000000000142e+01 2.979910164623979577e-02
1.190000000000000036e+01 2.941583169227907427e-02
1.195000000000000107e+01 2.903775741263240132e-02
1.200000000000000000e+01 2.866480617376804263e-02
1.205000000000000071e+01 2.829690631086351910e-02
1.210000000000000142e+01 2.793398711930755729e-02
1.215000000000000036e+01 2.757597884600675869e-02
1.220000000000000107e+01 2.722281268051661082e-02
1.225000000000000000e+01 2.687442074601523526e-02
1.230000000000000071e+01 2.653073609013700818e-02
1.235000000000000142e+01 2.619169267568242226e-02
1.240000000000000036e+01 2.585722537121952491e-02
1.245000000000000107e+01 2.552726994159107421e-02
1.250000000000000000e+01 2.520176303834144663e-02
1.255000000000000071e+01 2.488064219007547068e-02
1.260000000000000142e+01 2.456384579276153432e-02
1.265000000000000036e+01 2.425131309999001283e-02
1.270000000000000107e+01 2.394298421319750875e-02
1.275000000000000000e+01 2.363880007186701382e-02
1.280000000000000071e+01 2.333870244371291647e-02
1.285000000000000142e+01 2.304263391485983012e-02
1.290000000000000036e+01 2.275053788002313893e-02
1.295000000000000107e+01 2.246235853269894570e-02
1.300000000000000000e+01 2.217804085537055866e-02
1.305000000000000071e+01 2.189753060973799806e-02
1.310000000000000142e+01 2.162077432697683335e-02
1.315000000000000036e+01 2.134771929803205154e-02
1.320000000000000107e+01 2.107831356395223343e-02
1.325000000000000000e+01 2.081250590626916933e-02
1.330000000000000071e+01 2.055024583742745548e-02
1.335000000000000142e+01 2.029148359126831808e-02
1.340000000000000036e+01 2.003617011357169964e-02
1.345000000000000107e+01 1.978425705266019519e-02
1.350000000000000000e+01 1.953569675006832512e-02
1.355000000000000071e+01 1.929044223128014227e-02
1.360000000000000142e+01 1.904844719653816729e-02
1.365000000000000036e+01 1.880966601172609151e-02
1.370000000000000107e+01 1.857405369932775899e-02
1.375000000000000000e+01 1.834156592946461356e-02
1.380000000000000071e+01 1.811215901101351569e-02
1.385000000000000142e+01 1.788578988280679211e-02
1.390000000000000036e+01 1.766241610491604136e-02
1.395000000000000107e+01 1.744199585002113514e-02
1.400000000000000000e+01 1.722448789486588291e-02
1.405000000000000071e+01 1.700985161180113350e-02
1.410000000000000142e+01 1.679804696041665296e-02
1.415000000000000036e+01 1.658903447926243432e-02
1.420000000000000107e+01 1.638277527766013320e-02
1.425000000000000000e+01 1.617923102760550000e-02
1.430000000000000071e+01 1.597836395576187826e-02
1.435000000000000142e+01 1.578013683554562938e-02
1.440000000000000036e+01 1.558451297930345779e-02
1.445000000000000107e+01 1.539145623058192983e-02
1.450000000000000000e+01 1.520093095648940122e-02
1.455000000000000071e+01 1.501290204015020419e-02
1.460000000000000142e+01 1.482733487325126921e-02
1.465000000000000036e+01 1.464419534868094917e-02
1.470000000000000107e+01 1.446344985325981845e-02
1.475000000000000000e+01 1.428506526056340896e-02
1.480000000000000071e+01 1.410900892383637646e-02
1.485000000000000142e+01 1.393524866899788564e-02
1.490000000000000036e+01 1.376375278773782525e-02
1.495000000000000107e+01 1.359449003070326359e-02
1.500000000000000000e+01 1.342742960077488411e-02
1.505000000000000071e+01 1.326254114643265168e-02
1.510000000000000142e+01 1.309979475521031063e-02
1.515000000000000036e+01 1.293916094723805699e-02
1.520000000000000107e+01 1.278061066887273799e-02
1.525000000000000000e+01 1.262411528641499414e-02
1.530000000000000071e+01 1.246964657991250780e-02
1.535000000000000142e+01 1.231717673704891582e-02
1.540000000000000036e+01 1.216667834711732295e-02
1.545000000000000107e+01 1.201812439507797363e-02
1.550000000000000000e+01 1.187148825569912629e-02
1.555000000000000071e+01 1.172674368778036866e-02
1.560000000000000142e+01 1.158386482845768888e-02
1.565000000000000036e+01 1.144282618758928928e-02
1.570000000000000107e+01 1.130360264222153577e-02
1.575000000000000000e+01 1.116616943113408165e-02
1.580000000000000071e+01 1.103050214946325186e-02
1.585000000000000142e+01 1.089657674340309239e-02
1.590000000000000036e+01 1.076436950498288990e-02
1.595000000000000107e+01 1.063385706692058195e-02
1.600000000000000000e+01 1.050501639755103966e-02
1.605000000000000071e+01 1.037782479582834150e-02
1.610000000000000142e+01 1.025225988640129406e-02
1.615000000000000213e+01 1.012829961476112255e-02
1.619999999999999929e+01 1.000592224246065962e-02
1.625000000000000000e+01 9.885106342403970903e-03
1.630000000000000071e+01 9.765830794205718202e-03
1.635000000000000142e+01 9.648074779619200333e-03
1.640000000000000213e+01 9.531817778032344868e-03
1.644999999999999929e+01 9.417039562030679253e-03
1.650000000000000000e+01 9.303720193026466037e-03
1.655000000000000071e+01 9.191840016953141748e-03
1.660000000000000142e+01 9.081379660024140044e-03
1.665000000000000213e+01 8.972320024555299409e-03
1.669999999999999929e+01 8.864642284849949885e-03
1.675000000000000000e+01 8.758327883145884327e-03
1.680000000000000071e+01 8.653358525623338141e-03
1.685000000000000142e+01 8.549716178473146591e-03
1.690000000000000213e+01 8.447383064024257399e-03
1.694999999999999929e+01 8.346341656929715663e-03
1.700000000000000000e+01 8.246574680410423755e-03
1.705000000000000071e+01 8.148065102555746356e-03
1.710000000000000142e+01 8.050796132680221665e-03
1.715000000000000213e+01 7.954751217735556504e-03
1.719999999999999929e+01 7.859914038777107356e-03
1.725000000000000000e+01 7.766268507484099665e-03
1.730000000000000071e+01 7.673798762732790026e-03
1.735000000000000142e+01 7.582489167221794120e-03
1.740000000000000213e+01 7.492324304148831847e-03
1.744999999999999929e+01 7.403288973938164548e-03
1.750000000000000000e+01 7.315368191017883846e-03
1.755000000000000071e+01 7.228547180646517807e-03
1.760000000000000142e+01 7.142811375787968230e-03
1.765000000000000213e+01 7.058146414034281203e-03
1.769999999999999929e+01 6.974538134575430405e-03
1.775000000000000000e+01 6.891972575215388024e-03
1.780000000000000071e+01 6.810435969433954219e-03
1.785000000000000142e+01 6.729914743493412704e-03
1.790000000000000213e+01 6.650395513589566626e-03
1.794999999999999929e+01 6.571865083046357636e-03
1.800000000000000000e+01 6.494310439553395084e-03
1.805000000000000071e+01 6.417718752445911341e-03
1.810000000000000142e+01 6.342077370026251611e-03
1.815000000000000213e+01 6.267373816926471476e-03
1.819999999999999929e+01 6.193595791511335297e-03
1.825000000000000000e+01 6.120731163321061451e-03
1.830000000000000071e+01 6.048767970553309628e-03
1.835000000000000142e+01 5.977694417583691126e-03
1.840000000000000213e+01 5.907498872524314694e-03
1.844999999999999929e+01 5.838169864819702654e-03
1.850000000000000000e+01 5.769696082879532603e-03
1.855000000000000071e+01 5.702066371747697288e-03
1.860000000000000142e+01 5.635269730806974874e-03
1.865000000000000213e+01 5.569295311518926254e-03
1.869999999999999929e+01 5.504132415198365394e-03
1.875000000000000000e+01 5.439770490821868414e-03
1.880000000000000071e+01 5.376199132869886009e-03
1.885000000000000142e+01 5.313408079201827755e-03
1.890000000000000213e+01 5.251387208963646455e-03
1.894999999999999929e+01 5.190126540527477579e-03
1.900000000000000000e+01 5.129616229462688470e-03
1.905000000000000071e+01 5.069846566538038952e-03
1.910000000000000142e+01 5.010807975754286332e-03
1.915000000000000213e+01 4.952491012406876579e-03
1.920000000000000284e+01 4.894886361178203867e-03
1.925000000000000000e+01 4.837984834259024744e-03
1.930000000000000071e+01 4.781777369498426723e-03
1.935000000000000142e+01 4.726255028582173473e-03
1.940000000000000213e+01 4.671408995238645993e-03
1.945000000000000284e+01 4.617230573472269617e-03
1.950000000000000000e+01 4.563711185823743355e-03
1.955000000000000071e+01 4.510842371656785359e-03
1.960000000000000142e+01 4.458615785470986838e-03
1.965000000000000213e+01 4.407023195240260087e-03
1.970000000000000284e+01 4.356056480776598731e-03
1.975000000000000000e+01 4.305707632118672273e-03
1.980000000000000071e+01 4.255968747944868097e-03
1.985000000000000142e+01 4.206832034010490363e-03
1.990000000000000213e+01 4.158289801608581505e-03
1.995000000000000284e+01 4.110334466054140802e-03
2.000000000000000000e+01 4.062958545191278602e-03
2.005000000000000071e+01 4.016154657922977461e-03
2.010000000000000142e+01 3.969915522763133205e-03
2.015000000000000213e+01 3.924233956410469112e-03
2.020000000000000284e+01 3.879102872343993206e-03
2.025000000000000000e+01 3.834515279439738855e-03
2.030000000000000071e+01 3.790464280608298649e-03
2.035000000000000142e+01 3.746943071453011451e-03
2.040000000000000213e+01 3.703944938948293929e-03
2.045000000000000284e+01 3.661463260137955231e-03
2.050000000000000000e+01 3.619491500853071978e-03
2.055000000000000071e+01 3.578023214449173317e-03
2.060000000000000142e+01 3.537052040562426412e-03
2.065000000000000213e+01 3.496571703884506204e-03
2.070000000000000284e+01 3.456576012955843262e-03
2.075000000000000000e+01 3.417058858977032026e-03
2.080000000000000071e+01 3.378014214638011721e-03
2.085000000000000142e+01 3.339436132964837371e-03
2.090000000000000213e+01 3.301318746183692227e-03
2.095000000000000284e+01 3.263656264601929539e-03
2.100000000000000000e+01 3.226442975505812785e-03
2.105000000000000071e+01 3.189673242074752679e-03
2.110000000000000142e+01 3.153341502311766877e-03
2.115000000000000213e+01 3.117442267989873131e-03
2.120000000000000284e+01 3.081970123614213766e-03
2.125000000000000000e+01 3.046919725399630050e-03
2.130000000000000071e+01 3.012285800263473940e-03
2.135000000000000142e+01 2.978063144833386147e-03
2.140000000000000213e+01 2.944246624469860560e-03
2.145000000000000284e+01 2.910831172303271919e-03
2.150000000000000000e+01 2.877811788285260502e-03
2.155000000000000071e+01 2.845183538254126426e-03
2.160000000000000142e+01 2.812941553014136880e-03
2.165000000000000213e+01 2.781081027428407553e-03
2.170000000000000284e+01 2.749597219525266780e-03
2.175000000000000000e+01 2.718485449617768016e-03
2.180000000000000071e+01 2.687741099436277790e-03
2.185000000000000142e+01 2.657359611273810412e-03
2.190000000000000213e+01 2.627336487144020082e-03
2.195000000000000284e+01 2.597667287951555947e-03
2.200000000000000000e+01 2.568347632674685549e-03
2.205000000000000071e+01 2.539373197559884401e-03
2.210000000000000142e+01 2.510739715328339644e-03
2.215000000000000213e+01 2.482442974394045120e-03
2.220000000000000284e+01 2.454478818093430628e-03
2.225000000000000000e+01 2.426843143926243462e-03
2.230000000000000071e+01 2.399531902807581617e-03
2.235000000000000142e+01 2.372541098330882212e-03
2.240000000000000213e+01 2.345866786041680366e-03
2.245000000000000284e+01 2.319505072721985469e-03
2.250000000000000000e+01 2.293452115685133425e-03
2.255000000000000071e+01 2.267704122080888528e-03
2.260000000000000142e+01 2.242257348210733789e-03
2.265000000000000213e+01 2.217108098853080855e-03
2.270000000000000284e+01 2.192252726598355704e-03
2.275000000000000000e+01 2.167687631193720727e-03
2.280000000000000071e+01 2.143409258897333459e-03
2.285000000000000142e+01 2.119414101841990590e-03
2.290000000000000213e+01 2.095698697407995508e-03
2.295000000000000284e+01 2.072259627605116221e-03
2.300000000000000000e+01 2.049093518463516572e-03
2.305000000000000071e+01 2.026197039433459517e-03
2.310000000000000142e+01 2.003566902793757314e-03
2.315000000000000213e+01 1.981199863068698434e-03
2.320000000000000284e+01 1.959092716453444266e-03
2.325000000000000000e+01 1.937242300247692638e-03
2.330000000000000071e+01 1.915645492297500399e-03
2.335000000000000142e+01 1.894299210445158591e-03
2.340000000000000213e+01 1.873200411986975563e-03
2.345000000000000284e+01 1.852346093138841849e-03
2.350000000000000000e+01 1.831733288509507836e-03
2.355000000000000071e+01 1.811359070581364554e-03
2.360000000000000142e+01 1.791220549198737104e-03
2.365000000000000213e+01 1.771314871063446811e-03
2.370000000000000284e+01 1.751639219237640776e-03
2.375000000000000000e+01 1.732190812653702783e-03
2.380000000000000071e+01 1.712966905631183121e-03
2.385000000000000142e+01 1.693964787400618725e-03
2.390000000000000213e+01 1.675181781634160804e-03
2.395000000000000284e+01 1.656615245982859903e-03
2.400000000000000000e+01 1.638262571620587157e-03
2.405000000000000071e+01 1.620121182794398299e-03
2.410000000000000142e+01 1.602188536381335014e-03
2.415000000000000213e+01 1.584462121451479322e-03
2.420000000000000284e+01 1.566939458837245374e-03
2.425000000000000000e+01 1.549618100708759043e-03
2.430000000000000071e+01 1.532495630155254838e-03
2.435000000000000142e+01 1.515569660772411210e-03
2.440000000000000213e+01 1.498837836255512796e-03
2.445000000000000284e+01 1.482297829998359580e-03
2.450000000000000000e+01 1.465947344697854241e-03
2.455000000000000071e+01 1.449784111964147991e-03
2.460000000000000142e+01 1.433805891936303263e-03
2.465000000000000213e+01 1.418010472903354644e-03
2.470000000000000284e+01 1.402395670930709501e-03
2.475000000000000000e+01 1.386959329491796802e-03
2.480000000000000071e+01 1.371699319104895598e-03
2.485000000000000142e+01 1.356613536975062942e-03
2.490000000000000213e+01 1.341699906641070830e-03
2.495000000000000284e+01 1.326956377627314847e-03
2.500000000000000000e+01 6.226673558996695780e-04
2.505000000000000071e+01 6.196909730138970996e-04
2.510000000000000142e+01 6.167276302035351555e-04
2.515000000000000213e+01 6.137772755431167813e-04
2.520000000000000284e+01 6.108398572931965668e-04
2.525000000000000000e+01 6.079153238997594402e-04
2.530000000000000071e+01 6.050036239936293445e-04
2.535000000000000142e+01 6.021047063898813832e-04
2.540000000000000213e+01 5.992185200872541823e-04
2.545000000000000284e+01 5.963450142675646385e-04
2.550000000000000000e+01 5.934841382951241842e-04
2.555000000000000071e+01 5.906358417161555957e-04
2.560000000000000142e+01 5.878000742582138120e-04
2.565000000000000213e+01 5.849767858296064287e-04
2.570000000000000284e+01 5.821659265188157103e-04
2.575000000000000000e+01 5.793674465939240709e-04
2.580000000000000071e+01 5.765812965020383632e-04
2.585000000000000142e+01 5.738074268687189377e-04
2.590000000000000213e+01 5.710457884974076172e-04
2.595000000000000284e+01 5.682963323688589247e-04
2.600000000000000000e+01 5.655590096405722867e-04
2.605000000000000071e+01 5.628337716462252123e-04
2.610000000000000142e+01 5.601205698951097246e-04
2.615000000000000213e+01 5.574193560715690098e-04
2.620000000000000284e+01 5.547300820344355831e-04
2.625000000000000000e+01 5.520526998164722744e-04
2.630000000000000071e+01 5.493871616238125630e-04
2.635000000000000142e+01 5.467334198354057914e-04
2.640000000000000213e+01 5.440914270024606444e-04
2.645000000000000284e+01 5.414611358478919889e-04
2.650000000000000000e+01 5.388424992657689068e-04
2.655000000000000071e+01 5.362354703207640287e-04
2.660000000000000142e+01 5.336400022476050359e-04
2.665000000000000213e+01 5.310560484505264878e-04
2.670000000000000284e+01 5.284835625027251189e-04
2.675000000000000000e+01 5.259224981458149187e-04
2.680000000000000071e+01 5.233728092892834041e-04
2.685000000000000142e+01 5.208344500099525544e-04
2.690000000000000213e+01 5.183073745514373606e-04
2.695000000000000284e+01 5.157915373236081694e-04
2.700000000000000000e+01 5.132868929020542202e-04
2.705000000000000071e+01 5.107933960275479407e-04
2.710000000000000142e+01 5.083110016055120617e-04
2.715000000000000213e+01 5.058396647054868396e-04
2.720000000000000284e+01 5.033793405605996654e-04
2.725000000000000000e+01 5.009299845670362990e-04
2.730000000000000071e+01 4.984915522835119952e-04
2.735000000000000142e+01 4.960639994307470754e-04
2.740000000000000213e+01 4.936472818909410894e-04
2.745000000000000284e+01 4.912413557072501215e-04
2.750000000000000000e+01 4.888461770832647473e-04
2.755000000000000071e+01 4.864617023824897792e-04
2.760000000000000142e+01 4.840878881278266139e-04
2.765000000000000213e+01 4.817246910010544421e-04
2.770000000000000284e+01 4.793720678423153063e-04
2.775000000000000000e+01 4.770299756496001347e-04
2.780000000000000071e+01 4.746983715782341793e-04
2.785000000000000142e+01 4.723772129403677657e-04
2.790000000000000213e+01 4.700664572044652005e-04
2.795000000000000284e+01 4.677660619947961716e-04
2.800000000000000000e+01 4.654759850909291011e-04
2.805000000000000071e+01 4.631961844272248770e-04
2.810000000000000142e+01 4.609266180923337827e-04
2.815000000000000213e+01 4.586672443286915067e-04
2.820000000000000284e+01 4.564180215320189451e-04
2.825000000000000000e+01 4.541789082508214631e-04
2.830000000000000071e+01 4.519498631858905415e-04
2.835000000000000142e+01 4.497308451898074833e-04
2.840000000000000213e+01 4.475218132664466318e-04
2.845000000000000284e+01 4.453227265704824927e-04
2.850000000000000000e+01 4.431335444068957717e-04
2.855000000000000071e+01 4.409542262304823931e-04
2.860000000000000142e+01 4.387847316453638742e-04
2.865000000000000213e+01 4.366250204044980253e-04
2.870000000000000284e+01 4.344750524091928472e-04
2.875000000000000000e+01 4.323347877086195618e-04
2.880000000000000071e+01 4.302041864993287872e-04
2.885000000000000142e+01 4.280832091247673628e-04
2.890000000000000213e+01 4.259718160747972887e-04
2.895000000000000284e+01 4.238699679852146111e-04
2.900000000000000000e+01 4.217776256372711267e-04
2.905000000000000071e+01 4.196947499571966286e-04
2.910000000000000142e+01 4.176213020157228876e-04
2.915000000000000213e+01 4.155572430276089344e-04
2.920000000000000284e+01 4.135025343511676966e-04
2.925000000000000000e+01 4.114571374877937205e-04
2.930000000000000071e+01 4.094210140814924645e-04
2.935000000000000142e+01 4.073941259184115445e-04
2.940000000000000213e+01 4.053764349263722501e-04
2.945000000000000284e+01 4.033679031744029039e-04
2.950000000000000000e+01 4.013684928722742267e-04
2.955000000000000071e+01 3.993781663700339437e-04
2.960000000000000142e+01 3.973968861575458362e-04
2.965000000000000213e+01 3.954246148640277623e-04
2.970000000000000284e+01 3.934613152575914142e-04
2.975000000000000000e+01 3.915069502447842960e-04
2.980000000000000071e+01 3.895614828701317572e-04
2.985000000000000142e+01 3.876248763156816819e-04
2.990000000000000213e+01 3.856970939005495576e-04
2.995000000000000284e+01 3.837780990804650618e-04
3.000000000000000000e+01 3.818678554473203292e-04
3.005000000000000071e+01 3.799663267287184897e-04
3.010000000000000142e+01 3.780734767875253513e-04
3.015000000000000213e+01 3.761892696214204856e-04
3.020000000000000284e+01 3.743136693624505369e-04
3.025000000000000000e+01 3.724466402765842657e-04
3.030000000000000071e+01 3.705881467632669954e-04
3.035000000000000142e+01 3.687381533549795049e-04
3.040000000000000213e+01 3.668966247167946442e-04
3.045000000000000284e+01 3.650635256459382866e-04
3.050000000000000000e+01 3.632388210713494679e-04
3.055000000000000071e+01 3.614224760532425856e-04
3.060000000000000142e+01 3.596144557826710616e-04
3.065000000000000213e+01 3.578147255810925232e-04
3.070000000000000284e+01 3.560232508999334957e-04
3.075000000000000000e+01 3.542399973201583235e-04
3.080000000000000071e+01 3.524649305518361402e-04
3.085000000000000142e+01 3.506980164337116326e-04
3.090000000000000213e+01 3.489392209327756966e-04
3.095000000000000284e+01 3.471885101438376112e-04
3.100000000000000000e+01 3.454458502890992181e-04
3.105000000000000071e+01 3.437112077177282882e-04
3.110000000000000142e+01 3.419845489054361160e-04
3.115000000000000213e+01 3.402658404540537598e-04
3.120000000000000284e+01 3.385550490911110456e-04
3.125000000000000000e+01 3.368521416694157341e-04
3.130000000000000071e+01 3.351570851666347477e-04
3.135000000000000142e+01 3.334698466848765898e-04
3.140000000000000213e+01 3.317903934502743611e-04
3.145000000000000284e+01 3.301186928125705096e-04
3.150000000000000000e+01 3.284547122447026659e-04
3.155000000000000071e+01 3.267984193423905076e-04
3.160000000000000142e+01 3.251497818237239794e-04
3.165000000000000213e+01 3.235087675287534104e-04
3.170000000000000284e+01 3.218753444190793067e-04
3.175000000000000000e+01 3.202494805774446906e-04
3.180000000000000071e+01 3.186311442073276037e-04
3.185000000000000142e+01 3.170203036325364284e-04
3.190000000000000213e+01 3.154169272968042337e-04
3.195000000000000284e+01 3.138209837633859937e-04
3.200000000000000000e+01 3.122324417146564576e-04
3.205000000000000426e+01 3.106512699517081813e-04
3.210000000000000142e+01 3.090774373939537338e-04
3.214999999999999858e+01 3.075109130787247592e-04
3.220000000000000284e+01 3.059516661608756467e-04
3.225000000000000000e+01 3.043996659123879593e-04
3.230000000000000426e+01 3.028548817219733446e-04
3.235000000000000142e+01 3.013172830946818132e-04
3.239999999999999858e+01 2.997868396515071423e-04
3.245000000000000284e+01 2.982635211289958051e-04
3.250000000000000000e+01 2.967472973788573077e-04
3.255000000000000426e+01 2.952381383675734428e-04
3.260000000000000142e+01 2.937360141760116095e-04
3.264999999999999858e+01 2.922408949990362888e-04
3.270000000000000284e+01 2.907527511451239353e-04
3.275000000000000000e+01 2.892715530359786817e-04
3.280000000000000426e+01 2.877972712061477724e-04
3.285000000000000142e+01 2.863298763026399241e-04
3.289999999999999858e+01 2.848693390845431447e-04
3.295000000000000284e+01 2.834156304226449915e-04
3.300000000000000000e+01 2.819687212990543471e-04
3.305000000000000426e+01 2.805285828068214611e-04
3.310000000000000142e+01 2.790951861495630324e-04
3.314999999999999858e+01 2.776685026410855581e-04
3.320000000000000284e+01 2.762485037050104700e-04
3.325000000000000000e+01 2.748351608744020909e-04
3.330000000000000426e+01 2.734284457913930969e-04
3.335000000000000142e+01 2.720283302068154550e-04
3.339999999999999858e+01 2.706347859798285418e-04
3.345000000000000284e+01 2.692477850775507856e-04
3.350000000000000000e+01 2.678672995746925016e-04
3.355000000000000426e+01 2.664933016531871005e-04
3.360000000000000142e+01 2.651257636018273926e-04
3.364999999999999858e+01 2.637646578158994531e-04
3.370000000000000284e+01 2.624099567968195225e-04
3.375000000000000000e+01 2.610616331517719916e-04
3.380000000000000426e+01 2.597196595933467904e-04
3.385000000000000142e+01 2.583840089391807875e-04
3.389999999999999858e+01 2.570546541115965346e-04
3.395000000000000284e+01 2.557315681372452926e-04
3.400000000000000000e+01 2.544147241467503294e-04
3.405000000000000426e+01 2.531040953743491327e-04
3.410000000000000142e+01 2.517996551575406110e-04
3.414999999999999858e+01 2.505013769367293668e-04
3.420000000000000284e+01 2.492092342548735476e-04
3.425000000000000000e+01 2.479232007571335102e-04
3.430000000000000426e+01 2.466432501905199974e-04
3.435000000000000142e+01 2.453693564035457834e-04
3.439999999999999858e+01 2.441014933458755852e-04
3.445000000000000284e+01 2.428396350679793889e-04
3.450000000000000000e+01 2.415837557207860741e-04
3.455000000000000426e+01 2.403338295553368489e-04
3.460000000000000142e+01 2.390898309224420996e-04
3.464999999999999858e+01 2.378517342723368317e-04
3.470000000000000284e+01 2.366195141543386577e-04
3.475000000000000000e+01 2.353931452165071415e-04
3.480000000000000426e+01 2.341726022053019487e-04
3.485000000000000142e+01 2.329578599652451997e-04
3.489999999999999858e+01 2.317488934385817344e-04
3.495000000000000284e+01 2.305456776649426301e-04
3.500000000000000000e+01 2.293481877810092076e-04
3.505000000000000426e+01 2.281563990201766030e-04
3.510000000000000142e+01 2.269702867122210801e-04
3.514999999999999858e+01 2.257898262829655816e-04
3.520000000000000284e+01 2.246149932539476919e-04
3.525000000000000000e+01 2.234457632420894701e-04
3.530000000000000426e+01 2.222821119593658748e-04
3.535000000000000142e+01 2.211240152124764938e-04
3.539999999999999858e+01 2.199714489025166519e-04
3.545000000000000284e+01 2.188243890246507407e-04
3.550000000000000000e+01 2.176828116677860362e-04
3.555000000000000426e+01 2.165466930142466526e-04
3.560000000000000142e+01 2.154160093394505849e-04
3.564999999999999858e+01 2.142907370115852076e-04
3.570000000000000284e+01 2.131708524912854022e-04
3.575000000000000000e+01 2.120563323313130668e-04
3.580000000000000426e+01 2.109471531762351624e-04
3.585000000000000142e+01 2.098432917621063400e-04
3.589999999999999858e+01 2.087447249161484230e-04
3.595000000000000284e+01 2.076514295564347689e-04
3.600000000000000000e+01 2.065633826915730322e-04
3.605000000000000426e+01 2.054805614203895252e-04
3.610000000000000142e+01 2.044029429316153424e-04
3.614999999999999858e+01 2.033305045035719411e-04
3.620000000000000284e+01 2.022632235038592712e-04
3.625000000000000000e+01 2.012010773890438497e-04
3.630000000000000426e+01 2.001440437043479749e-04
3.635000000000000142e+01 1.990921000833400503e-04
3.639999999999999858e+01 1.980452242476259670e-04
3.645000000000000284e+01 1.970033940065406210e-04
3.650000000000000000e+01 1.959665872568419783e-04
3.655000000000000426e+01 1.949347819824039476e-04
3.660000000000000142e+01 1.939079562539124785e-04
3.664999999999999858e+01 1.928860882285605212e-04
3.670000000000000284e+01 1.918691561497451274e-04
3.675000000000000000e+01 1.908571383467658254e-04
3.680000000000000426e+01 1.898500132345220463e-04
3.685000000000000142e+01 1.888477593132141281e-04
3.689999999999999858e+01 1.878503551680424767e-04
3.695000000000000284e+01 1.868577794689099529e-04
3.700000000000000000e+01 1.858700109701241223e-04
3.705000000000000426e+01 1.848870285100999954e-04
3.710000000000000142e+01 1.839088110110648796e-04
3.714999999999999858e+01 1.829353374787627724e-04
3.720000000000000284e+01 1.819665870021608400e-04
3.725000000000000000e+01 1.810025387531566561e-04
3.730000000000000426e+01 1.800431719862848165e-04
3.735000000000000142e+01 1.790884660384270508e-04
3.739999999999999858e+01 1.781384003285207886e-04
3.745000000000000284e+01 1.771929543572699759e-04
3.750000000000000000e+01 1.762521077068570296e-04
3.755000000000000426e+01 1.753158400406539517e-04
3.760000000000000142e+01 1.743841311029367235e-04
3.764999999999999858e+01 1.734569607185985343e-04
3.770000000000000284e+01 1.725343087928649067e-04
3.775000000000000000e+01 1.716161553110099886e-04
3.780000000000000426e+01 1.707024803380724107e-04
3.785000000000000142e+01 1.697932640185737462e-04
3.789999999999999858e+01 1.688884865762362659e-04
3.795000000000000284e+01 1.679881283137024553e-04
3.800000000000000000e+01 1.670921696122558051e-04
3.805000000000000426e+01 1.662005909315406808e-04
3.810000000000000142e+01 1.653133728092855798e-04
3.814999999999999858e+01 1.644304958610247629e-04
3.820000000000000284e+01 1.635519407798225681e-04
3.825000000000000000e+01 1.626776883359979428e-04
3.830000000000000426e+01 1.618077193768493267e-04
3.835000000000000142e+01 1.609420148263814335e-04
3.840000000000000568e+01 1.600805556850319231e-04
3.845000000000000284e+01 1.592233230293993755e-04
3.850000000000000000e+01 1.583702980119723483e-04
3.855000000000000426e+01 1.575214618608583540e-04
3.860000000000000142e+01 1.566767958795152753e-04
3.865000000000000568e+01 1.558362814464816430e-04
3.870000000000000284e+01 1.549999000151095429e-04
3.875000000000000000e+01 1.541676331132970073e-04
3.880000000000000426e+01 1.533394623432220876e-04
3.885000000000000142e+01 1.525153693810777397e-04
3.890000000000000568e+01 1.516953359768065466e-04
3.895000000000000284e+01 1.508793439538380979e-04
3.900000000000000000e+01 1.500673752088248236e-04
3.905000000000000426e+01 1.492594117113807558e-04
3.910000000000000142e+01 1.484554355038203714e-04
3.915000000000000568e+01 1.476554287008974081e-04
3.920000000000000284e+01 1.468593734895463356e-04
3.925000000000000000e+01 1.460672521286222295e-04
3.930000000000000426e+01 1.452790469486438956e-04
3.935000000000000142e+01 1.444947403515363187e-04
3.940000000000000568e+01 1.437143148103740039e-04
3.945000000000000284e+01 1.429377528691259459e-04
3.950000000000000000e+01 1.421650371424004072e-04
3.955000000000000426e+01 1.413961503151908630e-04
3.960000000000000142e+01 1.406310751426236797e-04
3.965000000000000568e+01 1.398697944497044935e-04
3.970000000000000284e+01 1.391122911310679216e-04
3.975000000000000000e+01 1.383585481507256215e-04
3.980000000000000426e+01 1.376085485418169509e-04
3.985000000000000142e+01 1.368622754063598729e-04
3.990000000000000568e+01 1.361197119150019141e-04
3.995000000000000284e+01 1.353808413067732110e-04
4.000000000000000000e+01 1.346456468888391762e-04
4.005000000000000426e+01 1.339141120362544385e-04
4.010000000000000142e+01 1.331862201917179763e-04
4.015000000000000568e+01 1.324619548653280059e-04
4.020000000000000284e+01 1.317412996343389855e-04
4.025000000000000000e+01 1.310242381429174794e-04
4.030000000000000426e+01 1.303107541019010317e-04
4.035000000000000142e+01 1.296008312885563890e-04
4.040000000000000568e+01 1.288944535463384011e-04
4.045000000000000284e+01 1.281916047846508192e-04
4.050000000000000000e+01 1.274922689786064153e-04
4.055000000000000426e+01 1.267964301687890549e-04
4.060000000000000142e+01 1.261040724610160125e-04
4.065000000000000568e+01 1.254151800261007208e-04
4.070000000000000284e+01 1.247297370996171739e-04
4.075000000000000000e+01 1.240477279816640320e-04
4.080000000000000426e+01 1.233691370366302436e-04
4.085000000000000142e+01 1.226939486929612920e-04
4.090000000000000568e+01 1.220221474429254412e-04
4.095000000000000284e+01 1.213537178423822177e-04
4.100000000000000000e+01 1.206886445105499446e-04
4.105000000000000426e+01 1.200269121297750636e-04
4.110000000000000142e+01 1.193685054453023247e-04
4.115000000000000568e+01 1.187134092650448140e-04
4.120000000000000284e+01 1.180616084593553761e-04
4.125000000000000000e+01 1.174130879607986338e-04
4.130000000000000426e+01 1.167678327639238070e-04
4.135000000000000142e+01 1.161258279250381012e-04
4.140000000000000568e+01 1.154870585619806507e-04
4.145000000000000284e+01 1.148515098538980622e-04
4.150000000000000000e+01 1.142191670410192260e-04
4.155000000000000426e+01 1.135900154244320784e-04
4.160000000000000142e+01 1.129640403658608796e-04
4.165000000000000568e+01 1.123412272874433563e-04
4.170000000000000284e+01 1.117215616715098628e-04
4.175000000000000000e+01 1.111050290603619330e-04
4.180000000000000426e+01 1.104916150560527564e-04
4.185000000000000142e+01 1.098813053201674916e-04
4.190000000000000568e+01 1.092740855736042577e-04
4.195000000000000284e+01 1.086699415963570498e-04
4.200000000000000000e+01 1.080688592272974620e-04
4.205000000000000426e+01 1.074708243639585785e-04
4.210000000000000142e+01 1.068758229623192587e-04
4.215000000000000568e+01 1.062838410365883125e-04
4.220000000000000284e+01 1.056948646589909264e-04
4.225000000000000000e+01 1.051088799595537341e-04
4.230000000000000426e+01 1.045258731258925700e-04
4.235000000000000142e+01 1.039458304029998437e-04
4.240000000000000568e+01 1.033687380930323755e-04
4.245000000000000284e+01 1.027945825551007761e-04
4.250000000000000000e+01 1.022233502050588408e-04
4.255000000000000426e+01 1.016550275152939729e-04
4.260000000000000142e+01 1.010896010145180410e-04
4.265000000000000568e+01 1.005270572875588739e-04
4.270000000000000284e+01 9.996738297515327229e-05
4.275000000000000000e+01 9.941056477373889639e-05
4.280000000000000426e+01 9.885658943524875547e-05
4.285000000000000142e+01 9.830544376690553458e-05
4.290000000000000568e+01 9.775711463101586726e-05
4.295000000000000284e+01 9.721158894476697985e-05
4.300000000000000000e+01 9.666885368002210255e-05
4.305000000000000426e+01 9.612889586311802173e-05
4.310000000000000142e+01 9.559170257466280852e-05
4.315000000000000568e+01 9.505726094933341177e-05
4.320000000000000284e+01 9.452555817567540595e-05
4.325000000000000000e+01 9.399658149590215620e-05
4.330000000000000426e+01 9.347031820569516255e-05
4.335000000000000142e+01 9.294675565400510879e-05
4.340000000000000568e+01 9.242588124285311467e-05
4.345000000000000284e+01 9.190768242713341109e-05
4.350000000000000000e+01 9.139214671441566297e-05
4.355000000000000426e+01 9.087926166474866087e-05
4.360000000000000142e+01 9.036901489046489356e-05
4.365000000000000568e+01 8.986139405598447003e-05
4.370000000000000284e+01 8.935638687762133194e-05
4.375000000000000000e+01 8.885398112338873419e-05
4.380000000000000426e+01 8.835416461280620271e-05
4.385000000000000142e+01 8.785692521670689884e-05
4.390000000000000568e+01 8.736225085704514635e-05
4.395000000000000284e+01 8.687012950670582869e-05
4.400000000000000000e+01 8.638054918931247167e-05
4.405000000000000426e+01 8.589349797903794172e-05
4.410000000000000142e+01 8.540896400041473767e-05
4.415000000000000568e+01 8.492693542814548570e-05
4.420000000000000284e+01 8.444740048691562993e-05
4.425000000000000000e+01 8.397034745120471344e-05
4.430000000000000426e+01 8.349576464509980060e-05
4.435000000000000142e+01 8.302364044210915701e-05
4.440000000000000568e+01 8.255396326497605125e-05
4.445000000000000284e+01 8.208672158549385779e-05
4.450000000000000000e+01 8.162190392432092947e-05
4.455000000000000426e+01 8.115949885079694716e-05
4.460000000000000142e+01 8.069949498275970324e-05
4.465000000000000568e+01 8.024188098636166804e-05
4.470000000000000284e+01 7.978664557588839958e-05
4.475000000000000000e+01 7.933377751357637052e-05
4.480000000000000426e+01 7.888326560943234003e-05
4.485000000000000142e+01 7.843509872105309166e-05
4.490000000000000568e+01 7.798926575344492722e-05
4.495000000000000284e+01 7.754575565884528840e-05
4.500000000000000000e+01 7.710455743654341621e-05
4.505000000000000426e+01 7.666566013270262314e-05
4.510000000000000142e+01 7.622905284018313449e-05
4.515000000000000568e+01 7.579472469836442830e-05
4.520000000000000284e+01 7.536266489296994701e-05
4.525000000000000000e+01 7.493286265589054862e-05
4.530000000000000426e+01 7.450530726500969269e-05
4.535000000000000142e+01 7.407998804402931745e-05
4.540000000000000568e+01 7.365689436229514776e-05
4.545000000000000284e+01 7.323601563462398163e-05
4.550000000000000000e+01 7.281734132113039414e-05
4.555000000000000426e+01 7.240086092705476936e-05
4.560000000000000142e+01 7.198656400259169830e-05
4.565000000000000568e+01 7.157444014271868845e-05
4.570000000000000284e+01 7.116447898702586282e-05
4.575000000000000000e+01 7.075667021954576722e-05
4.580000000000000426e+01 7.035100356858426187e-05
4.585000000000000142e+01 6.994746880655150782e-05
4.590000000000000568e+01 6.954605574979384785e-05
4.595000000000000284e+01 6.914675425842606684e-05
4.600000000000000000e+01 6.874955423616409939e-05
4.605000000000000426e+01 6.835444563015872675e-05
4.610000000000000142e+01 6.796141843082944992e-05
4.615000000000000568e+01 6.757046267169894557e-05
4.620000000000000284e+01 6.718156842922834860e-05
4.625000000000000000e+01 6.679472582265265671e-05
4.630000000000000426e+01 6.640992501381693454e-05
4.635000000000000142e+01 6.602715620701348008e-05
4.640000000000000568e+01 6.564640964881851668e-05
4.645000000000000284e+01 6.526767562793043013e-05
4.650000000000000000e+01 6.489094447500803279e-05
4.655000000000000426e+01 6.451620656250930204e-05
4.660000000000000142e+01 6.414345230453117588e-05
4.665000000000000568e+01 6.377267215664933497e-05
4.670000000000000284e+01 6.340385661575885198e-05
4.675000000000000000e+01 6.303699621991508493e-05
4.680000000000000426e+01 6.267208154817543791e-05
4.685000000000000142e+01 6.230910322044144701e-05
4.690000000000000568e+01 6.194805189730153035e-05
4.695000000000000284e+01 6.158891827987422599e-05
4.700000000000000000e+01 6.123169310965151119e-05
4.705000000000000426e+01 6.087636716834357174e-05
4.710000000000000142e+01 6.052293127772350356e-05
4.715000000000000568e+01 6.017137629947221081e-05
4.720000000000000284e+01 5.982169313502484894e-05
4.725000000000000000e+01 5.947387272541655636e-05
4.730000000000000426e+01 5.912790605112969703e-05
4.735000000000000142e+01 5.878378413194130652e-05
4.740000000000000568e+01 5.844149802677063278e-05
4.745000000000000284e+01 5.810103883352795779e-05
4.750000000000000000e+01 5.776239768896326317e-05
4.755000000000000426e+01 5.742556576851562779e-05
4.760000000000000142e+01 5.709053428616357398e-05
4.765000000000000568e+01 5.675729449427495968e-05
4.770000000000000284e+01 5.642583768345849028e-05
4.775000000000000000e+01 5.609615518241481012e-05
4.780000000000000426e+01 5.576823835778856996e-05
4.785000000000000142e+01 5.544207861402106354e-05
4.790000000000000568e+01 5.511766739320306745e-05
4.795000000000000284e+01 5.479499617492839935e-05
4.800000000000000000e+01 5.447405647614774713e-05
4.805000000000000426e+01 5.415483985102333164e-05
4.810000000000000142e+01 5.383733789078384044e-05
4.815000000000000568e+01 5.352154222357971390e-05
4.820000000000000284e+01 5.320744451433946810e-05
4.825000000000000000e+01 5.289503646462580765e-05
4.830000000000000426e+01 5.258430981249263971e-05
4.835000000000000142e+01 5.227525633234268444e-05
4.840000000000000568e+01 5.196786783478523437e-05
4.845000000000000284e+01 5.166213616649451023e-05
4.850000000000000000e+01 5.135805321006876205e-05
4.855000000000000426e+01 5.105561088388936358e-05
4.860000000000000142e+01 5.075480114198097726e-05
4.865000000000000568e+01 5.045561597387152280e-05
4.870000000000000284e+01 5.015804740445336537e-05
4.875000000000000000e+01 4.986208749384424634e-05
4.880000000000000426e+01 4.956772833724927796e-05
4.885000000000000142e+01 4.927496206482330379e-05
4.890000000000000568e+01 4.898378084153308994e-05
4.895000000000000284e+01 4.869417686702110854e-05
4.900000000000000000e+01 4.840614237546883342e-05
4.905000000000000426e+01 4.811966963546088959e-05
4.910000000000000142e+01 4.783475094984981934e-05
4.915000000000000568e+01 4.755137865562092289e-05
4.920000000000000284e+01 4.726954512375800026e-05
4.925000000000000000e+01 4.698924275910901189e-05
4.930000000000000426e+01 4.671046400025287079e-05
4.935000000000000142e+01 4.643320131936618737e-05
4.940000000000000568e+01 4.615744722209052240e-05
4.945000000000000284e+01 4.588319424740047351e-05
4.950000000000000000e+01 4.561043496747173455e-05
4.955000000000000426e+01 4.533916198754982583e-05
4.960000000000000142e+01 4.506936794581954258e-05
4.965000000000000568e+01 4.480104551327419345e-05
4.970000000000000284e+01 4.453418739358606541e-05
4.975000000000000000e+01 4.426878632297676677e-05
4.980000000000000426e+01 4.400483507008811219e-05
4.985000000000000142e+01 4.374232643585394971e-05
4.990000000000000568e+01 4.348125325337154047e-05
4.995000000000000284e+01 4.322160838777432080e-05
5.000000000000000000e+01 4.296338473610440006e-05
5.005000000000000426e+01 4.270657522718578352e-05
5.010000000000000142e+01 4.245117282149828641e-05
5.015000000000000568e+01 4.219717051105123794e-05
5.020000000000000284e+01 4.194456131925836437e-05
5.025000000000000000e+01 4.169333830081252298e-05
5.030000000000000426e+01 4.144349454156109338e-05
5.035000000000000142e+01 4.119502315838205996e-05
5.040000000000000568e+01 4.094791729905995206e-05
5.045000000000000284e+01 4.070217014216289547e-05
5.050000000000000000e+01 4.045777489691935216e-05
5.055000000000000426e+01 4.021472480309592394e-05
5.060000000000000142e+01 3.997301313087537293e-05
5.065000000000000568e+01 3.973263318073487244e-05
5.070000000000000284e+01 3.949357828332492190e-05
5.075000000000000000e+01 3.925584179934864807e-05
5.080000000000000426e+01 3.901941711944134341e-05
5.085000000000000142e+01 3.878429766405076335e-05
5.090000000000000568e+01 3.855047688331752527e-05
5.095000000000000284e+01 3.831794825695606309e-05
5.100000000000000000e+01 3.808670529413600878e-05
5.105000000000000426e+01 3.785674153336393978e-05
5.110000000000000142e+01 3.762805054236562785e-05
5.115000000000000568e+01 3.740062591796859291e-05
5.120000000000000284e+01 3.717446128598511759e-05
5.125000000000000000e+01 3.694955030109572941e-05
5.130000000000000426e+01 3.672588664673290650e-05
5.135000000000000142e+01 3.650346403496555590e-05
5.140000000000000568e+01 3.628227620638336306e-05
5.145000000000000284e+01 3.606231692998220520e-05
5.150000000000000000e+01 3.584358000304925979e-05
5.155000000000000426e+01 3.562605925104909553e-05
5.160000000000000142e+01 3.540974852750993282e-05
5.165000000000000568e+01 3.519464171391019548e-05
5.170000000000000284e+01 3.498073271956579443e-05
5.175000000000000000e+01 3.476801548151727580e-05
5.180000000000000426e+01 3.455648396441801255e-05
5.185000000000000142e+01 3.434613216042233517e-05
5.190000000000000568e+01 3.413695408907412308e-05
5.195000000000000284e+01 3.392894379719601280e-05
5.200000000000000000e+01 3.372209535877870759e-05
5.205000000000000426e+01 3.351640287487089035e-05
5.210000000000000142e+01 3.331186047346951587e-05
5.215000000000000568e+01 3.310846230941017767e-05
5.220000000000000284e+01 3.290620256425852517e-05
5.225000000000000000e+01 3.270507544620128779e-05
5.230000000000000426e+01 3.250507518993810547e-05
5.235000000000000142e+01 3.230619605657407070e-05
5.240000000000000568e+01 3.210843233351171484e-05
5.245000000000000284e+01 3.191177833434434975e-05
5.250000000000000000e+01 3.171622839874926712e-05
5.255000000000000426e+01 3.152177689238128334e-05
5.260000000000000142e+01 3.132841820676713143e-05
5.265000000000000568e+01 3.113614675919955486e-05
5.270000000000000284e+01 3.094495699263234993e-05
5.275000000000000000e+01 3.075484337557555061e-05
5.280000000000000426e+01 3.056580040199093171e-05
5.285000000000000142e+01 3.037782259118799327e-05
5.290000000000000568e+01 3.019090448772029049e-05
5.295000000000000284e+01 3.000504066128217026e-05
5.300000000000000000e+01 2.982022570660565675e-05
5.305000000000000426e+01 2.963645424335808239e-05
5.310000000000000142e+01 2.945372091603981035e-05
5.315000000000000568e+01 2.927202039388232291e-05
5.320000000000000284e+01 2.909134737074692989e-05
5.325000000000000000e+01 2.891169656502347025e-05
5.330000000000000426e+01 2.873306271952961687e-05
5.335000000000000142e+01 2.855544060141061152e-05
5.340000000000000568e+01 2.837882500203907103e-05
5.345000000000000284e+01 2.820321073691546771e-05
5.350000000000000000e+01 2.802859264556874867e-05
5.355000000000000426e+01 2.785496559145737188e-05
5.360000000000000142e+01 2.768232446187078266e-05
5.365000000000000568e+01 2.751066416783113755e-05
5.370000000000000284e+01 2.733997964399542457e-05
5.375000000000000000e+01 2.717026584855795958e-05
5.380000000000000426e+01 2.700151776315311974e-05
5.385000000000000142e+01 2.683373039275870051e-05
5.390000000000000568e+01 2.666689876559919458e-05
5.395000000000000284e+01 2.650101793304997217e-05
5.400000000000000000e+01 2.633608296954115631e-05
5.405000000000000426e+01 2.617208897246238927e-05
5.410000000000000142e+01 2.600903106206781912e-05
5.415000000000000568e+01 2.584690438138111351e-05
5.420000000000000284e+01 2.568570409610134751e-05
5.425000000000000000e+01 2.552542539450866448e-05
5.430000000000000426e+01 2.536606348737071955e-05
5.435000000000000142e+01 2.520761360784934681e-05
5.440000000000000568e+01 2.505007101140733483e-05
5.445000000000000284e+01 2.489343097571596793e-05
5.450000000000000000e+01 2.473768880056243533e-05
5.455000000000000426e+01 2.458283980775787723e-05
5.460000000000000142e+01 2.442887934104585448e-05
5.465000000000000568e+01 2.427580276601070631e-05
5.470000000000000284e+01 2.412360546998682301e-05
5.475000000000000000e+01 2.397228286196770167e-05
5.480000000000000426e+01 2.382183037251561859e-05
5.485000000000000142e+01 2.367224345367186409e-05
5.490000000000000568e+01 2.352351757886662841e-05
5.495000000000000284e+01 2.337564824282997174e-05
5.500000000000000000e+01 2.322863096150257071e-05
5.505000000000000426e+01 2.308246127194699330e-05
5.510000000000000142e+01 2.293713473225950585e-05
5.515000000000000568e+01 2.279264692148170039e-05
5.520000000000000284e+01 2.264899343951300628e-05
5.525000000000000000e+01 2.250616990702305621e-05
5.530000000000000426e+01 2.236417196536465526e-05
5.535000000000000142e+01 2.222299527648705146e-05
5.540000000000000568e+01 2.208263552284934537e-05
5.545000000000000284e+01 2.194308840733438405e-05
5.550000000000000000e+01 2.180434965316294986e-05
5.555000000000000426e+01 2.166641500380819319e-05
5.560000000000000142e+01 2.152928022291040403e-05
5.565000000000000568e+01 2.139294109419213923e-05
5.570000000000000284e+01 2.125739342137374961e-05
5.575000000000000000e+01 2.112263302808884609e-05
5.580000000000000426e+01 2.098865575780054844e-05
5.585000000000000142e+01 2.085545747371782553e-05
5.590000000000000568e+01 2.072303405871202874e-05
5.595000000000000284e+01 2.059138141523394366e-05
5.600000000000000000e+01 2.046049546523105532e-05
5.605000000000000426e+01 2.033037215006506078e-05
5.610000000000000142e+01 2.020100743042982884e-05
5.615000000000000568e+01 2.007239728626956652e-05
5.620000000000000284e+01 1.994453771669724303e-05
5.625000000000000000e+01 1.981742473991342026e-05
5.630000000000000426e+01 1.969105439312541199e-05
5.635000000000000142e+01 1.956542273246649724e-05
5.640000000000000568e+01 1.944052583291582150e-05
5.645000000000000284e+01 1.931635978821821651e-05
5.650000000000000000e+01 1.919292071080451489e-05
5.655000000000000426e+01 1.907020473171223388e-05
5.660000000000000142e+01 1.894820800050631344e-05
5.665000000000000568e+01 1.882692668520030829e-05
5.670000000000000284e+01 1.870635697217800687e-05
5.675000000000000000e+01 1.858649506611495883e-05
5.680000000000000426e+01 1.846733718990061234e-05
5.685000000000000142e+01 1.834887958456071574e-05
5.690000000000000568e+01 1.823111850917988856e-05
5.695000000000000284e+01 1.811405024082448392e-05
5.700000000000000000e+01 1.799767107446588121e-05
5.705000000000000426e+01 1.788197732290391096e-05
5.710000000000000142e+01 1.776696531669068281e-05
5.715000000000000568e+01 1.765263140405452878e-05
5.720000000000000284e+01 1.753897195082457664e-05
5.725000000000000000e+01 1.742598334035510991e-05
5.730000000000000426e+01 1.731366197345058505e-05
5.735000000000000142e+01 1.720200426829095712e-05
5.740000000000000568e+01 1.709100666035690702e-05
5.745000000000000284e+01 1.698066560235581086e-05
5.750000000000000000e+01 1.687097756414756357e-05
5.755000000000000426e+01 1.676193903267105307e-05
5.760000000000000142e+01 1.665354651187069538e-05
5.765000000000000568e+01 1.654579652262324084e-05
5.770000000000000284e+01 1.643868560266495974e-05
5.775000000000000000e+01 1.633221030651905501e-05
5.780000000000000426e+01 1.622636720542329849e-05
5.785000000000000142e+01 1.612115288725802636e-05
5.790000000000000568e+01 1.601656395647436831e-05
5.795000000000000284e+01 1.591259703402271060e-05
5.800000000000000000e+01 1.580924875728150454e-05
5.805000000000000426e+01 1.570651577998621745e-05
5.810000000000000142e+01 1.560439477215873073e-05
5.815000000000000568e+01 1.550288242003692091e-05
5.820000000000000284e+01 1.540197542600436613e-05
5.825000000000000000e+01 1.530167050852056414e-05
5.830000000000000426e+01 1.520196440205129434e-05
5.835000000000000142e+01 1.510285385699917634e-05
5.840000000000000568e+01 1.500433563963464353e-05
5.845000000000000284e+01 1.490640653202700478e-05
5.850000000000000000e+01 1.480906333197602451e-05
5.855000000000000426e+01 1.471230285294335702e-05
5.860000000000000142e+01 1.461612192398472634e-05
5.865000000000000568e+01 1.452051738968194158e-05
5.870000000000000284e+01 1.442548611007551553e-05
5.875000000000000000e+01 1.433102496059713409e-05
5.880000000000000426e+01 1.423713083200289988e-05
5.885000000000000142e+01 1.414380063030635738e-05
5.890000000000000568e+01 1.405103127671203810e-05
5.895000000000000284e+01 1.395881970754921245e-05
5.900000000000000000e+01 1.386716287420580591e-05
5.905000000000000426e+01 1.377605774306269128e-05
5.910000000000000142e+01 1.368550129542816396e-05
5.915000000000000568e+01 1.359549052747259499e-05
5.920000000000000284e+01 1.350602245016360088e-05
5.925000000000000000e+01 1.341709408920107788e-05
5.930000000000000426e+01 1.332870248495276985e-05
5.935000000000000142e+01 1.324084469239006825e-05
5.940000000000000568e+01 1.315351778102383419e-05
5.945000000000000284e+01 1.306671883484072859e-05
5.950000000000000000e+01 1.298044495223966274e-05
5.955000000000000426e+01 1.289469324596843853e-05
5.960000000000000142e+01 1.280946084306085622e-05
5.965000000000000568e+01 1.272474488477368168e-05
5.970000000000000284e+01 1.264054252652427595e-05
5.975000000000000000e+01 1.255685093782821803e-05
5.980000000000000426e+01 1.247366730223710048e-05
5.985000000000000142e+01 1.239098881727692643e-05
5.990000000000000568e+01 1.230881269438626088e-05
5.995000000000000284e+01 1.222713615885503093e-05
6.000000000000000000e+01 1.214595644976324459e-05
6.005000000000000426e+01 1.206527081992024671e-05
6.010000000000000142e+01 1.198507653580398158e-05
6.015000000000000568e+01 1.190537087750052500e-05
6.020000000000000284e+01 1.182615113864397030e-05
6.025000000000000000e+01 1.174741462635645166e-05
6.030000000000000426e+01 1.166915866118833511e-05
6.035000000000000142e+01 1.159138057705883983e-05
6.040000000000000568e+01 1.151407772119669331e-05
6.045000000000000284e+01 1.143724745408112197e-05
6.050000000000000000e+01 1.136088714938301624e-05
6.055000000000000426e+01 1.128499419390641076e-05
6.060000000000000142e+01 1.120956598753005095e-05
6.065000000000000568e+01 1.113459994314933570e-05
6.070000000000000284e+01 1.106009348661835827e-05
6.075000000000000000e+01 1.098604405669231314e-05
6.080000000000000426e+01 1.091244910496995707e-05
6.085000000000000142e+01 1.083930609583642080e-05
6.090000000000000568e+01 1.076661250640623088e-05
6.095000000000000284e+01 1.069436582646648557e-05
6.100000000000000000e+01 1.062256355842032051e-05
6.105000000000000426e+01 1.055120321723055052e-05
6.110000000000000142e+01 1.048028233036357229e-05
6.115000000000000568e+01 1.040979843773347547e-05
6.120000000000000284e+01 1.033974909164630114e-05
6.125000000000000000e+01 1.027013185674463395e-05
6.130000000000000426e+01 1.020094430995234004e-05
6.135000000000000142e+01 1.013218404041955223e-05
6.140000000000000568e+01 1.006384864946780261e-05
6.145000000000000284e+01 9.995935750535497367e-06
6.150000000000000000e+01 9.928442969123460989e-06
6.155000000000000426e+01 9.861367942740814280e-06
6.160000000000000142e+01 9.794708320851020048e-06
6.165000000000000568e+01 9.728461764818049077e-06
6.170000000000000284e+01 9.662625947852991642e-06
6.175000000000000000e+01 9.597198554960586012e-06
6.180000000000000426e+01 9.532177282886172164e-06
6.185000000000000142e+01 9.467559840062816603e-06
6.190000000000000568e+01 9.403343946558540508e-06
6.195000000000000284e+01 9.339527334023874845e-06
6.200000000000000000e+01 9.276107745639583188e-06
6.205000000000000426e+01 9.213082936064565800e-06
6.210000000000000142e+01 9.150450671383975483e-06
6.215000000000000568e+01 9.088208729057599384e-06
6.220000000000000284e+01 9.026354897868323822e-06
6.225000000000000000e+01 8.964886977870992129e-06
6.230000000000000426e+01 8.903802780341172710e-06
6.235000000000000142e+01 8.843100127724506473e-06
6.240000000000000568e+01 8.782776853585927206e-06
6.245000000000000284e+01 8.722830802559230926e-06
6.250000000000000000e+01 8.663259830296838354e-06
6.255000000000000426e+01 8.604061803419758991e-06
6.260000000000000142e+01 8.545234599467702564e-06
6.265000000000000568e+01 8.486776106849458148e-06
6.270000000000000284e+01 8.428684224793435908e-06
6.275000000000000000e+01 8.370956863298373171e-06
6.280000000000000426e+01 8.313591943084296302e-06
6.285000000000000142e+01 8.256587395543658759e-06
6.290000000000000568e+01 8.199941162692662110e-06
6.295000000000000284e+01 8.143651197122773563e-06
6.300000000000000000e+01 8.087715461952404430e-06
6.305000000000000426e+01 8.032131930778908766e-06
6.310000000000000142e+01 7.976898587630580325e-06
6.315000000000000568e+01 7.922013426918996784e-06
6.320000000000000284e+01 7.867474453391524918e-06
6.325000000000000000e+01 7.813279682083898613e-06
6.330000000000000426e+01 7.759427138273196673e-06
6.335000000000000142e+01 7.705914857430812170e-06
6.340000000000000568e+01 7.652740885175697916e-06
6.345000000000000284e+01 7.599903277227849105e-06
6.350000000000000000e+01 7.547400099361834245e-06
6.355000000000000426e+01 7.495229427360642867e-06
6.360000000000000142e+01 7.443389346969695030e-06
6.365000000000000568e+01 7.391877953850938060e-06
6.370000000000000284e+01 7.340693353537259237e-06
6.375000000000000000e+01 7.289833661386993354e-06
6.380000000000000426e+01 7.239297002538644567e-06
6.385000000000000142e+01 7.189081511865836098e-06
6.390000000000000568e+01 7.139185333932315007e-06
6.395000000000000284e+01 7.089606622947273734e-06
6.400000000000000000e+01 7.040343542720804644e-06
6.404999999999999716e+01 6.991394266619473994e-06
6.410000000000000853e+01 6.942756977522133070e-06
6.415000000000000568e+01 6.894429867776041882e-06
6.420000000000000284e+01 6.846411139152798883e-06
6.425000000000000000e+01 6.798699002804848375e-06
6.429999999999999716e+01 6.751291679221951479e-06
6.435000000000000853e+01 6.704187398187859558e-06
6.440000000000000568e+01 6.657384398737240894e-06
6.445000000000000284e+01 6.610880929112642097e-06
6.450000000000000000e+01 6.564675246721773084e-06
6.454999999999999716e+01 6.518765618094858120e-06
6.460000000000000853e+01 6.473150318842227419e-06
6.465000000000000568e+01 6.427827633612075613e-06
6.470000000000000284e+01 6.382795856048305768e-06
6.475000000000000000e+01 6.338053288748641066e-06
6.479999999999999716e+01 6.293598243222918592e-06
6.485000000000000853e+01 6.249429039851442421e-06
6.490000000000000568e+01 6.205544007843634859e-06
6.495000000000000284e+01 6.161941485196777466e-06
6.500000000000000000e+01 6.118619818654914712e-06
